1791568867.788314 306000000 0 53656
1791568868.298246 612000000 999 54812
1791568868.809473 612000000 998 54968
1791568869.318413 612000000 999 55718
1791568869.826996 306000000 0 54781
1791568870.334487 612000000 999 55593
1791568870.844075 612000000 0 55093
1791568871.353112 306000000 683 54750
1791568871.861692 612000000 999 55875
1791568872.371550 612000000 0 55093
1791568872.879024 612000000 989 55687
1791568873.387993 612000000 999 55500
1791568873.897105 612000000 0 55250
1791568874.406667 612000000 999 55093
1791568874.915564 612000000 999 55656
1791568875.423971 306000000 0 55125
1791568875.932078 612000000 999 55187
1791568876.441003 612000000 992 55718
1791568876.949617 306000000 0 54937
