1791568986.558670 306000000 0 55093
1791568987.066819 306000000 0 54875
1791568987.574067 612000000 999 56593
1791568988.083087 612000000 0 55593
1791568988.591443 612000000 999 56875
1791568989.099567 306000000 0 55625
1791568989.607946 306000000 0 55593
1791568990.117042 612000000 997 56281
1791568990.625214 612000000 999 56906
1791568991.133858 306000000 0 55718
1791568991.641145 306000000 0 55375
1791568992.151540 306000000 0 55343
1791568992.659312 612000000 999 57000
1791568993.168614 612000000 0 56593
1791568993.678637 612000000 999 56843
1791568994.187538 612000000 999 57218
1791568994.696502 612000000 991 57093
1791568995.205643 612000000 0 56687
1791568995.714950 306000000 952 56125
1791568996.225527 612000000 999 57375
1791568996.734361 612000000 0 56968
1791568997.243038 306000000 0 55937
1791568997.750261 612000000 999 57218
1791568998.259861 612000000 999 57468
1791568998.768397 612000000 999 57625
1791568999.275916 612000000 999 57562
1791568999.785469 612000000 998 57750
1791569000.293826 612000000 0 57343
1791569000.802492 612000000 999 57343
1791569001.310550 612000000 999 57750
1791569001.819580 306000000 0 56656
1791569002.328041 612000000 999 57781
1791569002.836643 612000000 999 57781
1791569003.344915 306000000 0 56718
1791569003.852254 612000000 999 57187
1791569004.361094 612000000 0 56750
1791569004.868764 612000000 999 57281
1791569005.377509 306000000 0 56562
1791569005.884552 306000000 0 56562
1791569006.393869 612000000 999 56812
1791569006.903780 612000000 999 57468
1791569007.412215 306000000 0 56531
1791569007.919230 306000000 0 56531
1791569008.426258 306000000 0 56125
1791569008.933685 612000000 990 56875
1791569009.442331 612000000 997 57343
1791569009.950878 612000000 724 56843
1791569010.460479 612000000 999 57656
1791569010.969100 612000000 999 57156
1791569011.477947 306000000 0 56687
1791569011.985089 612000000 999 57062
1791569012.493875 612000000 999 57656
1791569013.002569 306000000 0 56593
1791569013.509776 612000000 369 56781
1791569014.020565 612000000 988 57437
1791569014.529314 612000000 0 56875
1791569015.039476 612000000 999 57406
1791569015.548066 612000000 999 57531
1791569016.056585 612000000 999 57937
1791569016.565140 306000000 0 56750
1791569017.072635 612000000 990 57531
1791569017.581623 612000000 1 57312
1791569018.094925 306000000 123 56781
1791569018.604028 612000000 999 57687
1791569019.112894 612000000 0 57343
1791569019.620742 306000000 310 57031
1791569020.127849 510000000 884 56937
1791569020.637607 612000000 999 58062
1791569021.146153 306000000 70 57218
1791569021.655547 612000000 0 57875
1791569022.163810 306000000 0 56937
1791569022.671354 306000000 70 56843
1791569023.180753 612000000 999 57906
1791569023.689668 612000000 0 57625
1791569024.199253 306000000 0 57031
1791569024.706301 306000000 0 56718
1791569025.213459 612000000 0 57343
1791569025.725090 612000000 999 58406
1791569026.234349 306000000 0 57406
1791569026.741439 612000000 998 58562
1791569027.248768 306000000 998 57812
1791569027.757417 612000000 0 57593
1791569028.267421 510000000 0 57468
1791569028.778144 612000000 986 58593
1791569029.285509 306000000 0 57531
1791569029.792523 408000000 0 57281
1791569030.304310 612000000 999 58625
1791569030.813586 510000000 0 57875
1791569031.321964 612000000 999 58687
1791569031.831107 612000000 998 58656
1791569032.340296 612000000 999 58718
1791569032.849505 306000000 786 57812
1791569033.357689 612000000 999 59218
1791569033.865789 306000000 0 57718
1791569034.372997 612000000 999 58406
1791569034.881844 612000000 984 59000
1791569035.390451 306000000 0 57562
1791569035.900358 612000000 999 58468
1791569036.409149 612000000 1 58437
1791569036.920801 612000000 999 58312
1791569037.429387 306000000 0 57500
1791569037.936585 306000000 0 57343
1791569038.444140 306000000 0 57312
1791569038.955415 612000000 999 58250
1791569039.464778 408000000 0 57718
1791569039.972282 306000000 0 57593
1791569040.479394 306000000 0 57406
1791569040.986770 612000000 999 58031
1791569041.495614 612000000 999 58218
1791569042.004619 306000000 0 57437
1791569042.512352 612000000 999 58500
1791569043.021652 612000000 998 58000
1791569043.530898 612000000 999 58406
1791569044.042322 306000000 78 57687
1791569044.550463 612000000 999 58562
1791569045.059271 612000000 0 58125
1791569045.572569 306000000 0 57468
1791569046.080205 612000000 987 58281
1791569046.589172 612000000 999 58593
1791569047.097943 612000000 998 58781
1791569047.607245 612000000 999 58468
1791569048.115872 612000000 998 58468
1791569048.624590 612000000 999 58750
1791569049.133123 306000000 226 57812
1791569049.643409 612000000 999 58625
1791569050.151901 306000000 0 58062
1791569050.661643 612000000 997 58281
1791569051.170923 612000000 999 58562
1791569051.679667 306000000 0 57843
1791569052.188099 306000000 0 57656
1791569052.696399 306000000 0 57656
1791569053.203592 612000000 999 58375
1791569053.712551 612000000 999 59000
1791569054.221305 612000000 991 58750
1791569054.729774 510000000 0 58343
1791569055.237864 306000000 0 57562
1791569055.745290 612000000 495 58250
1791569056.256484 612000000 990 59281
1791569056.765400 306000000 0 58187
1791569057.272208 306000000 0 57968
1791569057.779493 306000000 0 57562
1791569058.286746 612000000 999 58687
1791569058.795957 612000000 999 59468
1791569059.305240 306000000 104 58156
1791569059.813788 612000000 999 59281
1791569060.322063 612000000 999 58937
1791569060.830615 408000000 0 58250
1791569061.337692 612000000 999 58968
1791569061.847075 612000000 999 59625
1791569062.355568 306000000 0 58218
1791569062.864776 612000000 183 58281
1791569063.374529 612000000 999 59218
1791569063.883573 612000000 0 58500
1791569064.391911 612000000 999 59468
1791569064.900982 612000000 999 59375
1791569065.409630 612000000 999 59937
1791569065.917875 306000000 0 58562
1791569066.425020 612000000 999 59437
1791569066.934500 612000000 0 59125
1791569067.442941 306000000 0 58375
1791569067.950357 612000000 999 59593
1791569068.458703 612000000 0 58968
1791569068.965771 612000000 999 58656
1791569069.475078 612000000 999 59031
1791569069.983461 408000000 95 58250
1791569070.494547 612000000 0 58375
1791569071.003167 306000000 0 58031
1791569071.510831 612000000 999 58500
1791569072.020750 612000000 999 59062
1791569072.528892 612000000 999 58875
1791569073.037103 306000000 0 57968
1791569073.544031 306000000 0 57906
1791569074.051834 612000000 999 58562
1791569074.560859 612000000 999 58500
1791569075.069896 612000000 0 58281
1791569075.578524 612000000 999 58718
1791569076.088074 612000000 0 58500
1791569076.596606 612000000 986 59187
1791569077.105533 306000000 0 57875
1791569077.614245 612000000 999 58718
1791569078.122802 612000000 999 59000
1791569078.631320 306000000 0 58156
1791569079.139033 612000000 999 58500
1791569079.648244 612000000 999 59062
1791569080.157363 612000000 999 59093
1791569080.666756 612000000 999 58593
1791569081.176213 612000000 998 58968
1791569081.685535 306000000 0 58343
1791569082.193212 612000000 999 59062
1791569082.702094 612000000 999 58937
1791569083.211649 306000000 0 58281
1791569083.720329 612000000 999 58843
1791569084.230472 612000000 156 58937
1791569084.742656 306000000 0 58375
1791569085.251883 306000000 0 57812
1791569085.760063 306000000 0 57875
1791569086.268635 612000000 999 59000
1791569086.778115 612000000 999 59875
1791569087.285812 612000000 999 59281
1791569087.794681 306000000 0 58531
1791569088.302861 306000000 0 58375
1791569088.810195 612000000 0 58468
1791569089.321362 612000000 999 59562
1791569089.829967 306000000 0 58687
1791569090.337724 306000000 0 58250
1791569090.844833 306000000 0 58281
1791569091.351832 612000000 999 59562
1791569091.860866 612000000 999 59937
1791569092.369147 408000000 546 58968
1791569092.878355 612000000 0 59125
1791569093.385834 612000000 999 60156
1791569093.895348 306000000 0 59062
1791569094.402345 612000000 999 59656
1791569094.911058 612000000 999 60156
1791569095.419854 306000000 0 58937
1791569095.927529 612000000 999 59812
1791569096.435925 612000000 999 60156
1791569096.944321 612000000 999 59750
1791569097.453636 612000000 999 60406
1791569097.963728 612000000 998 60312
1791569098.472743 612000000 0 59656
1791569098.981648 612000000 999 60062
1791569099.490433 612000000 999 60625
1791569099.999035 306000000 0 59062
1791569100.507508 612000000 999 60218
1791569101.016362 612000000 998 60593
1791569101.525285 306000000 0 59468
1791569102.033194 612000000 999 59906
1791569102.541582 612000000 0 59375
1791569103.050362 612000000 999 59968
1791569103.559587 306000000 0 59281
1791569104.067949 306000000 0 59250
1791569104.576545 612000000 999 59281
1791569105.084854 612000000 999 59968
1791569105.593435 306000000 0 59312
1791569106.100810 306000000 0 59187
1791569106.607755 306000000 0 58968
1791569107.114829 612000000 999 59750
1791569107.623243 612000000 999 59843
1791569108.131818 510000000 990 59281
1791569108.639747 612000000 999 60000
1791569109.148845 612000000 998 59562
1791569109.658207 612000000 0 59687
1791569110.168350 612000000 998 59468
1791569110.677788 612000000 999 60218
1791569111.186528 612000000 0 59562
1791569111.694119 306000000 0 59125
1791569112.201358 612000000 999 59937
1791569112.709862 612000000 999 60281
1791569113.219433 612000000 999 60437
1791569113.727503 612000000 252 59468
1791569114.236306 612000000 972 60312
1791569114.744793 306000000 0 59625
1791569115.253918 612000000 989 60406
1791569115.763010 612000000 999 60437
1791569116.272074 306000000 0 59500
1791569116.779619 612000000 999 60250
1791569117.288160 612000000 999 60375
1791569117.797095 306000000 0 59343
1791569118.305929 306000000 0 59281
1791569118.814466 306000000 0 59406
1791569119.322467 612000000 999 60500
1791569119.831772 306000000 705 59562
1791569120.341853 612000000 0 59937
1791569120.851497 306000000 0 59656
1791569121.358827 306000000 263 59250
1791569121.866043 612000000 999 60531
1791569122.374863 612000000 0 60125
1791569122.883881 306000000 0 59468
1791569123.391296 306000000 0 59593
1791569123.899746 612000000 0 59468
1791569124.409899 612000000 999 61281
1791569124.919611 306000000 0 59656
1791569125.429070 612000000 990 60906
1791569125.937704 612000000 0 60218
1791569126.445175 612000000 999 61312
1791569126.954004 306000000 0 59656
1791569127.462782 612000000 991 60906
1791569127.971592 612000000 988 61250
1791569128.480217 306000000 0 59937
1791569128.987566 612000000 988 61000
1791569129.496431 612000000 991 61125
1791569130.005472 612000000 999 60906
1791569130.514208 612000000 999 61406
1791569131.022504 612000000 999 61375
1791569131.531005 612000000 999 61250
1791569132.042629 612000000 999 60937
1791569132.552393 612000000 999 61750
1791569133.060860 306000000 0 60156
1791569133.568303 612000000 999 61218
1791569134.077873 612000000 998 61625
1791569134.586181 306000000 194 60437
1791569135.093485 612000000 985 60750
1791569135.602068 612000000 0 60343
1791569136.109421 612000000 999 61000
1791569136.617846 306000000 0 60125
1791569137.125041 306000000 0 59937
1791569137.632306 612000000 999 60593
1791569138.141428 612000000 998 61156
1791569138.649790 306000000 0 60031
1791569139.156990 306000000 0 59843
1791569139.666335 306000000 0 59875
1791569140.174920 612000000 999 60562
1791569140.684324 612000000 999 60906
1791569141.193195 612000000 999 60625
1791569141.702115 612000000 0 60906
1791569142.212629 612000000 999 60812
1791569142.721019 306000000 0 60437
1791569143.230120 612000000 991 60625
1791569143.738437 612000000 998 61031
1791569144.247755 306000000 0 60250
1791569144.757195 612000000 999 60781
1791569145.264408 612000000 999 60812
1791569145.773246 612000000 999 60531
1791569146.282630 612000000 0 60437
1791569146.790326 612000000 999 61187
1791569147.299229 612000000 0 60718
1791569147.806377 612000000 999 60781
1791569148.315384 612000000 999 61062
1791569148.823611 306000000 0 60218
1791569149.331419 612000000 989 61093
1791569149.839758 612000000 999 61000
