1791572261.877070 306000000 0 54843
1791572262.887925 306000000 0 54687
1791572263.895294 612000000 979 55687
1791572264.904212 612000000 982 55781
1791572265.913715 612000000 988 56062
1791572266.922160 612000000 999 55875
1791572267.930604 612000000 999 55843
1791572268.938841 612000000 970 56156
1791572269.948045 306000000 0 55218
1791572270.955710 612000000 990 56531
1791572271.964391 306000000 110 55468
1791572272.971964 612000000 990 56031
1791572273.981491 612000000 991 56156
1791572274.990323 612000000 999 56343
1791572275.999319 612000000 999 56218
1791572277.007307 612000000 999 56156
1791572278.015969 612000000 999 56562
1791572279.023954 612000000 980 56593
1791572280.032567 612000000 0 56312
1791572281.040835 612000000 999 56062
1791572282.049278 612000000 982 56718
1791572283.057853 306000000 0 55781
1791572284.066463 612000000 991 56406
1791572285.074938 612000000 977 56906
1791572286.083818 612000000 982 56906
1791572287.092362 612000000 990 57531
1791572288.100659 612000000 984 56968
1791572289.109235 612000000 966 57406
1791572290.118642 306000000 0 56093
1791572291.126273 612000000 990 57031
1791572292.135749 612000000 0 56531
1791572293.145046 612000000 986 57218
1791572294.153380 612000000 968 57031
1791572295.161772 612000000 999 57281
1791572296.169981 306000000 0 56500
1791572297.178554 306000000 0 56062
1791572298.186526 306000000 0 56281
1791572299.195028 306000000 0 55937
1791572300.203984 306000000 0 56156
