1791569655.524444 306000000 0 53406
1791569656.534460 306000000 0 53218
1791569657.542394 306000000 0 53500
1791569658.549892 306000000 0 53312
1791569659.558384 306000000 0 53406
1791569660.565923 306000000 0 53656
1791569661.574258 306000000 11 53500
1791569662.581733 306000000 136 53468
1791569663.589322 306000000 142 53687
1791569664.598121 306000000 178 53406
1791569665.605122 306000000 0 53562
1791569666.612187 306000000 0 53843
1791569667.619212 306000000 45 53812
1791569668.626654 306000000 68 53562
1791569669.633594 306000000 0 53625
1791569670.640815 306000000 0 53531
1791569671.648171 306000000 0 53562
1791569672.656094 306000000 1 53687
1791569673.663657 306000000 1 53593
1791569674.672595 408000000 0 53750
1791569675.681978 306000000 0 53531
1791569676.689211 306000000 0 53656
1791569677.696317 306000000 0 53687
1791569678.703388 306000000 0 53625
1791569679.711823 306000000 131 53750
1791569680.720370 306000000 256 53718
1791569681.727366 306000000 160 53625
1791569682.734629 306000000 0 53625
1791569683.741610 306000000 0 53750
1791569684.748581 306000000 68 53781
1791569685.755625 306000000 0 53625
1791569686.762729 306000000 0 53687
1791569687.769652 306000000 14 53875
1791569688.776992 306000000 74 53718
1791569689.785340 612000000 0 53875
1791569690.796530 306000000 0 53656
1791569691.804505 306000000 0 53875
1791569692.813606 306000000 0 53718
1791569693.821803 306000000 0 53937
1791569694.832411 306000000 0 53781
1791569695.841987 306000000 0 53843
1791569696.851438 306000000 126 53875
1791569697.858996 306000000 125 53968
1791569698.866206 306000000 130 53781
1791569699.874644 306000000 333 53812
1791569700.881604 306000000 159 54062
1791569701.889239 306000000 145 53968
1791569702.896315 612000000 1000 54750
1791569703.904723 612000000 979 55125
1791569704.912925 612000000 981 54937
1791569705.921271 612000000 999 55281
1791569706.929505 612000000 999 55343
1791569707.937561 612000000 999 55156
1791569708.945821 306000000 11 54656
1791569709.953176 306000000 0 54250
1791569710.962055 306000000 45 54437
1791569711.969875 306000000 0 54375
1791569712.978040 306000000 0 54125
1791569713.984930 306000000 0 54125
1791569714.992006 306000000 0 54437
1791569715.999080 306000000 128 54468
1791569717.006117 306000000 0 54218
1791569718.013958 612000000 999 55093
1791569719.022585 612000000 987 55156
1791569720.031264 612000000 971 55468
1791569721.040040 612000000 999 55406
1791569722.048150 612000000 974 55281
1791569723.056220 612000000 958 55187
1791569724.065181 612000000 979 55500
1791569725.073475 612000000 960 55593
1791569726.082007 510000000 0 54875
1791569727.090281 612000000 973 55718
1791569728.099273 612000000 958 55312
1791569729.108049 612000000 954 55718
1791569730.116785 612000000 974 55500
1791569731.125786 306000000 172 54937
1791569732.133455 612000000 983 55906
1791569733.142122 612000000 946 55593
1791569734.150785 612000000 30 55375
1791569735.160183 612000000 970 55750
1791569736.169245 612000000 971 55812
1791569737.178295 612000000 943 55906
1791569738.187323 612000000 956 56000
1791569739.196032 306000000 0 55437
1791569740.205933 612000000 974 56250
1791569741.214530 612000000 960 55843
1791569742.223723 612000000 954 56375
1791569743.231975 612000000 982 56062
1791569744.240391 612000000 1 56000
1791569745.251128 612000000 958 56625
1791569746.260195 612000000 1 55906
1791569747.269828 612000000 983 56062
1791569748.278522 612000000 960 56187
1791569749.287000 306000000 0 55593
1791569750.294646 612000000 983 56218
1791569751.303153 612000000 978 56250
1791569752.311679 306000000 0 55937
1791569753.320013 306000000 0 55593
1791569754.328895 612000000 989 56093
1791569755.337575 612000000 678 56156
1791569756.346250 612000000 984 56718
1791569757.354587 510000000 0 56437
1791569758.369537 612000000 999 56593
1791569759.378686 612000000 990 56968
1791569760.386846 612000000 999 56687
1791569761.395134 612000000 988 57093
1791569762.403469 306000000 0 56281
1791569763.410758 612000000 981 56593
1791569764.419040 612000000 977 57000
1791569765.427835 306000000 0 56187
1791569766.436367 306000000 0 56312
1791569767.443832 612000000 987 56687
1791569768.452588 612000000 999 56812
1791569769.460900 612000000 999 57218
1791569770.469099 612000000 987 57031
1791569771.477481 306000000 0 56937
1791569772.484788 612000000 999 57375
1791569773.493406 612000000 999 57375
1791569774.501688 612000000 999 57656
1791569775.510053 612000000 0 57000
1791569776.519112 306000000 0 56843
1791569777.529683 612000000 946 57281
1791569778.539978 306000000 0 56937
1791569779.548936 306000000 0 56937
1791569780.557219 306000000 0 56906
1791569781.564259 612000000 988 57125
1791569782.574007 612000000 999 57437
1791569783.584103 306000000 0 56906
1791569784.591972 306000000 0 57031
1791569785.599280 612000000 985 57531
1791569786.609679 306000000 0 57312
1791569787.617942 612000000 999 57062
1791569788.626781 612000000 991 57937
1791569789.636289 306000000 0 57375
1791569790.644121 612000000 982 57875
1791569791.653469 612000000 978 57843
1791569792.661880 306000000 0 57281
1791569793.669291 612000000 989 57875
1791569794.678798 612000000 10 58125
1791569795.690069 612000000 967 58156
1791569796.698862 612000000 999 58500
1791569797.707185 612000000 987 58250
1791569798.715715 306000000 206 57562
1791569799.722703 612000000 975 58343
1791569800.731770 612000000 981 58000
1791569801.740627 612000000 959 58375
1791569802.749062 612000000 975 58000
1791569803.757973 306000000 215 57750
1791569804.765679 612000000 974 58000
1791569805.775641 612000000 951 58312
1791569806.785400 612000000 0 57781
1791569807.794197 612000000 982 58500
1791569808.802700 306000000 0 57656
1791569809.810763 612000000 978 58468
1791569810.819752 612000000 981 58187
1791569811.829437 612000000 967 58531
1791569812.838012 612000000 951 58281
1791569813.846732 306000000 223 57968
1791569814.854497 612000000 964 58718
1791569815.862709 612000000 976 58312
1791569816.872958 612000000 934 58500
1791569817.881443 612000000 978 58531
1791569818.888890 612000000 0 58468
1791569819.898704 612000000 963 58562
1791569820.906858 612000000 971 58500
1791569821.914618 612000000 972 58750
1791569822.922644 612000000 999 58750
1791569823.932223 612000000 999 58562
1791569824.940282 612000000 999 58906
1791569825.948888 612000000 999 59031
1791569826.956774 612000000 918 58625
1791569827.964925 306000000 0 58406
1791569828.972537 612000000 990 58750
1791569829.980881 612000000 976 58937
1791569830.987931 612000000 972 58656
1791569831.996422 306000000 11 58093
1791569833.004965 612000000 988 58718
1791569834.013872 612000000 992 58906
1791569835.022298 612000000 988 59000
1791569836.030474 612000000 990 58843
1791569837.039688 612000000 988 58937
1791569838.050013 612000000 978 58781
1791569839.060028 612000000 990 58781
1791569840.069120 612000000 976 58156
1791569841.077820 612000000 999 58781
1791569842.087418 612000000 974 58937
1791569843.096564 612000000 988 58906
1791569844.104956 612000000 1 58500
1791569845.114170 612000000 982 58531
1791569846.122938 612000000 957 58375
1791569847.131351 612000000 980 58406
1791569848.139535 612000000 966 58500
1791569849.147895 612000000 5 58156
1791569850.156367 612000000 984 58375
1791569851.164664 612000000 958 58437
1791569852.173676 612000000 975 58375
1791569853.183203 612000000 973 58500
1791569854.192832 612000000 33 58125
1791569855.202511 612000000 974 58468
1791569856.211847 612000000 964 58468
1791569857.220728 612000000 976 58468
1791569858.229109 612000000 965 58468
1791569859.238487 408000000 0 58000
1791569860.247571 612000000 982 58562
1791569861.256217 612000000 959 58250
1791569862.264905 612000000 948 58500
1791569863.273632 612000000 974 58500
1791569864.282364 612000000 966 58531
1791569865.291786 612000000 961 58375
1791569866.301396 306000000 0 57781
1791569867.308920 612000000 982 58531
1791569868.318171 612000000 973 58375
1791569869.326798 612000000 999 58656
1791569870.335650 612000000 981 58593
1791569871.344379 612000000 999 58781
1791569872.352679 612000000 983 58437
1791569873.360915 612000000 36 58125
1791569874.371422 612000000 981 58500
1791569875.380034 612000000 1 58343
1791569876.389324 612000000 973 58593
1791569877.399159 306000000 0 58062
1791569878.406500 612000000 999 58500
1791569879.415917 612000000 967 58812
1791569880.424828 612000000 999 58625
1791569881.433469 612000000 983 58937
1791569882.441942 612000000 964 58593
1791569883.450583 612000000 982 58937
1791569884.459885 612000000 999 58500
1791569885.469308 612000000 985 58875
1791569886.477658 612000000 999 58656
1791569887.486141 612000000 999 58843
1791569888.494830 612000000 999 58812
1791569889.502980 612000000 999 58781
1791569890.511540 612000000 988 58937
1791569891.519833 612000000 9 58500
1791569892.530324 612000000 983 58718
1791569893.539348 612000000 983 58687
1791569894.548408 612000000 973 58687
1791569895.556971 612000000 973 58812
1791569896.565773 612000000 5 58343
1791569897.574932 612000000 982 58843
1791569898.584814 306000000 0 58375
1791569899.592040 612000000 974 58656
1791569900.601546 612000000 960 58812
1791569901.610242 612000000 968 58781
1791569902.618615 612000000 983 58750
1791569903.627055 612000000 0 58281
1791569904.635754 612000000 982 58812
1791569905.644504 612000000 0 58437
1791569906.655587 612000000 973 58656
1791569907.665754 306000000 280 58281
1791569908.674831 612000000 984 58781
1791569909.683389 612000000 873 58500
1791569910.694766 612000000 973 58718
1791569911.703753 612000000 999 58718
1791569912.712488 612000000 990 58781
1791569913.721341 612000000 315 58906
1791569914.731524 612000000 966 59156
1791569915.740908 306000000 146 58593
1791569916.748265 612000000 999 59218
1791569917.757984 612000000 991 59593
1791569918.766522 612000000 962 59375
1791569919.775056 612000000 967 59531
1791569920.783777 612000000 999 59468
1791569921.793209 612000000 999 59281
1791569922.802538 612000000 999 59218
1791569923.811140 612000000 999 59406
1791569924.819446 612000000 999 59343
1791569925.828235 612000000 957 59625
1791569926.836724 612000000 983 59468
1791569927.845508 612000000 986 59750
1791569928.854058 612000000 999 59468
1791569929.863497 612000000 999 59656
1791569930.872083 612000000 988 59625
1791569931.882679 612000000 989 59937
1791569932.891272 612000000 999 59718
1791569933.899943 612000000 998 60031
1791569934.908252 612000000 998 59937
1791569935.917678 612000000 999 59937
1791569936.926267 612000000 974 60031
1791569937.933432 612000000 999 60031
1791569938.945088 612000000 999 60062
1791569939.952654 306000000 20 59093
1791569940.959763 612000000 981 59718
1791569941.967734 612000000 975 59593
1791569942.977037 612000000 999 59718
1791569943.985442 612000000 986 59468
1791569944.993899 612000000 0 59250
1791569946.002078 612000000 979 59312
1791569947.010441 612000000 999 59406
1791569948.018676 612000000 988 59687
1791569949.027073 612000000 999 59343
1791569950.035415 612000000 978 59406
1791569951.043835 612000000 999 59375
1791569952.051964 612000000 999 59593
1791569953.060467 612000000 999 59531
1791569954.068747 612000000 999 59437
1791569955.077000 612000000 999 59500
1791569956.085512 612000000 999 59312
1791569957.093915 612000000 999 59468
1791569958.102410 612000000 999 59406
1791569959.111543 612000000 999 59437
1791569960.121132 612000000 999 59218
1791569961.129440 612000000 999 59406
1791569962.138542 306000000 267 58593
1791569963.146374 612000000 999 59156
1791569964.155197 612000000 984 59406
1791569965.163493 612000000 999 59093
1791569966.171764 612000000 986 59468
1791569967.179939 612000000 999 59156
1791569968.188119 612000000 999 59406
1791569969.196304 612000000 984 59406
1791569970.204600 612000000 999 59312
1791569971.211713 612000000 999 59343
1791569972.220279 612000000 988 58750
1791569973.228607 612000000 999 59156
1791569974.237172 612000000 999 59281
1791569975.245186 612000000 999 59093
1791569976.253342 612000000 999 59281
1791569977.261478 612000000 999 59250
1791569978.269981 612000000 999 59218
1791569979.278104 612000000 999 59281
1791569980.287177 612000000 999 59343
1791569981.296094 612000000 999 59218
1791569982.305022 612000000 999 59062
1791569983.313348 612000000 999 59218
1791569984.321624 612000000 999 59000
1791569985.329754 612000000 999 59250
1791569986.337988 612000000 999 59250
1791569987.346104 612000000 979 59000
1791569988.355230 612000000 999 59218
1791569989.363250 612000000 998 59031
1791569990.371439 612000000 999 59250
1791569991.379733 612000000 999 58937
1791569992.388364 612000000 999 59187
1791569993.398151 612000000 999 59000
1791569994.406630 612000000 999 59250
1791569995.414623 612000000 998 59062
1791569996.423004 612000000 999 59093
1791569997.431129 612000000 999 59187
1791569998.439675 612000000 999 58968
1791569999.447668 612000000 999 59156
1791570000.457189 612000000 999 59031
1791570001.465242 612000000 999 59156
1791570002.474497 612000000 999 58968
1791570003.482775 612000000 999 59125
1791570004.492008 612000000 999 58968
1791570005.499415 612000000 999 59000
1791570006.508271 612000000 1 58718
1791570007.516214 612000000 981 58968
1791570008.525023 612000000 958 58937
1791570009.533245 612000000 983 59062
1791570010.541684 612000000 980 59156
1791570011.550405 612000000 0 58500
1791570012.559087 612000000 970 59187
1791570013.567748 306000000 0 58437
1791570014.575474 612000000 969 58968
1791570015.584353 612000000 975 59000
1791570016.593163 612000000 957 59031
1791570017.601730 612000000 973 59187
1791570018.610402 306000000 13 58281
1791570019.618130 612000000 973 59375
1791570020.627271 612000000 973 58593
1791570021.636131 612000000 983 59343
1791570022.645305 612000000 967 59031
1791570023.654621 612000000 957 59437
1791570024.663821 612000000 976 59062
1791570025.672584 306000000 0 58593
1791570026.680126 612000000 979 59468
1791570027.688968 306000000 0 58468
1791570028.696632 612000000 971 59468
1791570029.705371 612000000 999 58875
1791570030.714632 612000000 989 59468
1791570031.722965 612000000 975 59312
1791570032.731514 612000000 982 59656
1791570033.740010 612000000 999 58968
1791570034.748608 612000000 999 59156
1791570035.756995 612000000 972 59468
1791570036.765438 612000000 973 59187
1791570037.773933 612000000 975 59531
1791570038.783515 612000000 792 59500
1791570039.793502 612000000 986 59375
1791570040.802235 612000000 999 59656
1791570041.811438 612000000 989 59625
1791570042.819922 612000000 999 59625
1791570043.828672 612000000 999 59718
1791570044.837086 612000000 948 59531
1791570045.845789 612000000 987 60062
1791570046.854483 612000000 999 59687
1791570047.863839 612000000 974 60187
1791570048.872646 612000000 999 59937
1791570049.881108 612000000 973 60187
1791570050.890018 612000000 999 59906
1791570051.898347 612000000 999 60218
1791570052.907400 612000000 999 59812
1791570053.916628 612000000 999 60406
1791570054.925767 612000000 999 60218
1791570055.937758 612000000 999 59875
1791570056.946667 612000000 997 60375
1791570057.956366 612000000 986 59843
1791570058.964777 612000000 999 60437
1791570059.972484 612000000 999 60437
1791570060.979720 612000000 999 60281
1791570061.987517 612000000 999 60500
1791570062.996292 612000000 974 60625
1791570064.003953 306000000 202 59281
1791570065.012019 612000000 985 60250
1791570066.020324 612000000 975 59937
1791570067.028331 612000000 990 60218
1791570068.037033 612000000 999 60437
1791570069.045313 612000000 999 60250
1791570070.053955 612000000 999 60593
1791570071.062085 612000000 4 59500
1791570072.070403 612000000 999 60468
1791570073.079128 612000000 999 60281
1791570074.087538 612000000 999 60500
1791570075.095605 612000000 999 60250
1791570076.105726 612000000 999 60437
1791570077.114180 612000000 987 59937
1791570078.122620 612000000 999 60218
1791570079.131013 612000000 999 60281
1791570080.139355 612000000 999 60437
1791570081.147676 612000000 978 60656
1791570082.155973 612000000 999 60406
1791570083.164454 612000000 998 60562
1791570084.172997 612000000 999 60812
1791570085.181387 612000000 999 60406
1791570086.189926 612000000 999 60843
1791570087.198211 612000000 977 60531
1791570088.206385 612000000 999 60906
1791570089.214439 612000000 999 60500
1791570090.223267 612000000 999 60875
1791570091.231582 612000000 999 60875
1791570092.239693 612000000 999 60593
1791570093.247868 612000000 0 60250
1791570094.257560 612000000 916 59843
1791570095.266136 306000000 20 59656
1791570096.274318 612000000 967 59906
1791570097.282511 612000000 974 59968
1791570098.291638 612000000 969 59812
1791570099.301301 612000000 983 59968
1791570100.310009 612000000 968 59875
1791570101.318163 612000000 983 59968
1791570102.327016 612000000 4 59281
1791570103.335940 612000000 971 60062
1791570104.345202 612000000 0 59281
1791570105.353707 612000000 975 60031
1791570106.362339 306000000 0 59031
1791570107.371012 612000000 982 60062
1791570108.380014 612000000 987 59656
1791570109.388352 612000000 974 59750
1791570110.397364 612000000 730 59500
1791570111.407058 612000000 991 59718
1791570112.415732 612000000 991 59687
1791570113.424383 612000000 990 59812
1791570114.433148 612000000 987 59750
1791570115.441437 306000000 20 59093
1791570116.448619 612000000 991 59625
1791570117.457133 510000000 0 59156
1791570118.465888 612000000 999 59593
1791570119.474237 612000000 999 59593
1791570120.483591 612000000 986 59750
1791570121.492409 612000000 988 59656
1791570122.501210 612000000 999 59468
1791570123.509493 612000000 999 59437
1791570124.517851 612000000 988 59468
1791570125.526432 612000000 981 59437
1791570126.535442 612000000 971 59468
1791570127.544172 612000000 971 59375
1791570128.552580 612000000 999 59312
1791570129.561073 612000000 989 59250
1791570130.570046 612000000 999 59218
1791570131.578708 612000000 999 59281
1791570132.587844 612000000 999 59250
1791570133.596270 612000000 999 59468
1791570134.604772 612000000 999 59312
1791570135.613033 612000000 973 59531
1791570136.621534 612000000 999 59218
1791570137.630076 612000000 999 59375
1791570138.638404 612000000 999 59156
1791570139.647179 612000000 999 59312
1791570140.655528 612000000 987 59468
1791570141.663680 612000000 999 59156
1791570142.671770 612000000 999 59343
1791570143.680293 612000000 999 59125
1791570144.688685 612000000 999 59312
1791570145.697023 612000000 999 59187
1791570146.705278 612000000 998 59093
1791570147.713424 612000000 998 59312
1791570148.721884 612000000 999 59156
1791570149.730160 612000000 999 59437
1791570150.738396 612000000 999 59375
1791570151.747191 306000000 0 58500
1791570152.755196 612000000 987 59031
1791570153.764404 612000000 999 59031
1791570154.772809 612000000 998 59218
1791570155.781033 612000000 991 59156
1791570156.789437 612000000 999 59250
1791570157.797940 612000000 999 59156
1791570158.806208 612000000 998 59156
1791570159.814616 612000000 999 59218
1791570160.822938 612000000 999 58937
1791570161.831029 612000000 999 59125
1791570162.839982 612000000 999 58968
1791570163.848284 612000000 999 58843
1791570164.856887 612000000 999 58843
1791570165.865068 612000000 999 58968
1791570166.873371 612000000 999 59031
1791570167.881500 612000000 999 58812
1791570168.889783 612000000 999 59125
1791570169.898141 612000000 998 58937
1791570170.906322 612000000 999 59156
1791570171.914173 612000000 999 59062
1791570172.922504 612000000 999 58875
1791570173.929716 612000000 999 59000
1791570174.938343 612000000 999 58812
1791570175.946540 612000000 999 58812
1791570176.955367 612000000 999 58875
1791570177.964603 612000000 985 59218
1791570178.973866 612000000 999 58843
1791570179.982998 612000000 999 58968
1791570180.991918 612000000 986 58906
1791570182.001327 612000000 999 58968
1791570183.010518 612000000 999 58875
1791570184.018350 612000000 999 59093
1791570185.027117 612000000 999 59000
1791570186.035481 612000000 980 59000
1791570187.043190 612000000 999 58968
1791570188.051689 612000000 999 58875
1791570189.060092 612000000 999 59187
1791570190.067953 612000000 999 59125
1791570191.075896 612000000 999 58937
1791570192.083889 612000000 999 59062
1791570193.092112 612000000 999 58812
1791570194.100557 612000000 998 59093
1791570195.109071 612000000 999 58906
1791570196.117662 612000000 999 58750
1791570197.126135 612000000 999 59000
1791570198.134419 612000000 999 58843
1791570199.142748 612000000 999 59062
1791570200.150970 612000000 999 58812
1791570201.160255 612000000 999 59062
1791570202.168562 612000000 999 58843
1791570203.176905 612000000 998 58875
1791570204.185234 612000000 957 59031
1791570205.193563 306000000 0 58156
1791570206.201082 612000000 999 59125
1791570207.209680 612000000 999 58968
1791570208.217881 612000000 986 59312
1791570209.226741 612000000 984 59343
1791570210.235126 612000000 999 59062
1791570211.244347 612000000 999 59312
1791570212.252595 612000000 999 59062
1791570213.260613 612000000 999 59250
1791570214.268850 612000000 999 59062
1791570215.277047 612000000 999 59031
1791570216.285207 612000000 981 59312
1791570217.294044 612000000 999 59156
1791570218.303506 612000000 999 59125
1791570219.311782 612000000 999 59093
1791570220.320671 612000000 999 59343
1791570221.328923 612000000 999 59187
1791570222.337462 612000000 999 59406
1791570223.345585 612000000 999 59125
1791570224.354045 612000000 999 59468
1791570225.362287 612000000 999 59406
1791570226.370742 612000000 999 59156
1791570227.379324 612000000 999 59468
1791570228.388034 612000000 999 59218
1791570229.396997 612000000 999 59781
1791570230.405495 612000000 999 59187
1791570231.413813 612000000 999 59468
1791570232.422160 612000000 999 59312
1791570233.430972 612000000 999 59468
1791570234.439877 612000000 999 59250
1791570235.448448 612000000 999 59250
1791570236.457029 612000000 999 59468
1791570237.465634 612000000 999 59187
1791570238.474198 612000000 999 59500
1791570239.482375 612000000 999 59281
1791570240.491378 612000000 998 59562
1791570241.500326 612000000 999 59250
1791570242.508908 612000000 999 59500
1791570243.517456 612000000 999 59281
1791570244.526116 612000000 999 59500
1791570245.535157 612000000 999 59187
1791570246.543799 612000000 999 59500
1791570247.552603 612000000 999 59218
1791570248.561190 612000000 999 59500
1791570249.570116 612000000 999 59281
1791570250.579367 612000000 974 59531
1791570251.587959 612000000 999 59531
1791570252.596201 612000000 998 59250
1791570253.605062 612000000 999 59593
1791570254.613940 612000000 998 59250
1791570255.622624 612000000 999 59593
1791570256.631186 612000000 999 59250
1791570257.640119 612000000 999 59500
1791570258.649385 612000000 998 59312
1791570259.657692 612000000 998 59593
1791570260.666284 612000000 999 59312
1791570261.675298 612000000 998 59593
1791570262.684046 612000000 0 58687
1791570263.693667 612000000 999 59406
1791570264.702176 612000000 999 59250
1791570265.710366 612000000 999 59500
1791570266.719335 612000000 999 59281
1791570267.728776 612000000 999 59593
1791570268.737319 612000000 999 59375
1791570269.745672 612000000 999 59375
1791570270.753963 612000000 999 59593
1791570271.762237 612000000 999 59250
1791570272.770739 612000000 999 59593
1791570273.779473 612000000 999 59375
1791570274.787543 612000000 999 59625
1791570275.795637 612000000 998 59656
1791570276.804885 612000000 999 59281
1791570277.813051 612000000 999 59531
1791570278.821528 612000000 999 59281
1791570279.829884 612000000 999 59593
1791570280.838464 612000000 999 59281
1791570281.846889 612000000 999 59625
1791570282.855236 612000000 999 59218
1791570283.864007 612000000 998 59562
1791570284.872449 612000000 999 59156
1791570285.880803 612000000 10 58875
1791570286.890621 612000000 970 58687
1791570287.899709 612000000 999 59468
1791570288.908118 612000000 999 59187
1791570289.917154 612000000 999 59218
1791570290.925693 612000000 974 58968
1791570291.934227 612000000 999 59187
1791570292.942502 612000000 999 59000
1791570293.951436 612000000 999 59250
1791570294.959854 612000000 999 59000
1791570295.968258 612000000 999 59156
1791570296.976733 612000000 999 59031
1791570297.985057 612000000 999 59062
1791570298.993326 612000000 999 59250
1791570300.001528 612000000 999 58968
1791570301.010463 612000000 999 59000
1791570302.021133 612000000 999 58968
1791570303.029671 612000000 999 59281
1791570304.038468 612000000 997 59187
1791570305.048597 612000000 999 58968
1791570306.059280 612000000 999 59187
1791570307.066893 612000000 999 59031
1791570308.074677 612000000 998 59093
1791570309.083086 612000000 999 59468
1791570310.090561 612000000 998 59156
1791570311.099085 612000000 999 59156
1791570312.107121 612000000 999 59156
1791570313.115328 612000000 999 59062
1791570314.123420 612000000 999 59156
1791570315.131548 612000000 999 59156
1791570316.139389 612000000 999 59093
1791570317.147420 612000000 998 59125
1791570318.155797 612000000 998 59062
1791570319.163853 612000000 999 59218
1791570320.171976 612000000 999 59093
1791570321.180285 612000000 999 59218
1791570322.189130 612000000 999 59156
1791570323.197448 612000000 999 59031
1791570324.205869 612000000 999 59250
1791570325.214228 612000000 999 59000
1791570326.222546 612000000 999 59125
1791570327.231265 612000000 999 59062
1791570328.239918 612000000 999 59218
1791570329.248331 612000000 999 59187
1791570330.256242 612000000 999 59000
1791570331.264835 612000000 999 59187
1791570332.272059 612000000 999 59000
1791570333.280166 612000000 999 59000
1791570334.288037 612000000 965 59218
1791570335.295862 612000000 998 59031
1791570336.303700 612000000 999 59187
1791570337.311634 612000000 998 59250
1791570338.319547 612000000 999 58968
1791570339.329040 612000000 999 59156
1791570340.337135 612000000 999 58968
1791570341.345556 612000000 998 59125
1791570342.354018 612000000 998 58968
1791570343.362080 612000000 999 59000
1791570344.370468 612000000 999 59031
1791570345.379472 612000000 959 59093
1791570346.388364 612000000 999 59250
1791570347.396844 612000000 999 59031
1791570348.405006 612000000 999 59187
1791570349.413267 612000000 999 59062
1791570350.422169 612000000 999 59250
1791570351.431583 612000000 999 59031
1791570352.440033 612000000 999 59281
1791570353.448163 612000000 999 58968
1791570354.456459 612000000 999 59156
1791570355.465274 612000000 998 59250
1791570356.473643 612000000 999 59000
1791570357.481989 612000000 998 59187
1791570358.490559 612000000 999 59062
1791570359.498993 612000000 999 59218
1791570360.507203 612000000 999 59031
1791570361.515357 612000000 999 59093
1791570362.523606 612000000 999 59218
1791570363.532652 612000000 999 58968
1791570364.540680 612000000 999 59343
1791570365.549477 612000000 999 59062
1791570366.557889 612000000 999 59281
1791570367.566200 612000000 999 58968
1791570368.574604 612000000 999 59031
1791570369.582918 612000000 999 59281
1791570370.591697 612000000 999 59031
1791570371.600170 612000000 999 59250
1791570372.608651 612000000 998 58750
1791570373.617047 612000000 975 59156
1791570374.625567 408000000 0 58375
1791570375.635480 612000000 981 59125
1791570376.644946 612000000 987 58531
1791570377.653495 612000000 974 59281
1791570378.662109 612000000 975 58968
1791570379.670778 612000000 962 59406
1791570380.679147 612000000 956 58968
1791570381.687735 612000000 3 58625
1791570382.698054 612000000 968 59062
1791570383.707163 306000000 0 58593
1791570384.715682 612000000 975 59031
1791570385.724662 612000000 896 58593
1791570386.733564 612000000 983 59250
1791570387.742105 306000000 397 58593
1791570388.749438 612000000 984 59406
1791570389.757960 612000000 975 58968
1791570390.767325 612000000 999 59343
1791570391.776066 612000000 990 59281
1791570392.784506 612000000 977 59593
1791570393.793848 612000000 975 59187
1791570394.802523 612000000 931 59500
1791570395.811560 612000000 975 59000
1791570396.821171 612000000 999 59406
1791570397.829913 612000000 999 59218
1791570398.839135 612000000 990 59562
1791570399.848092 612000000 999 59531
1791570400.857826 612000000 985 59500
1791570401.866383 612000000 990 59531
1791570402.876492 612000000 812 59125
1791570403.884905 612000000 998 59406
1791570404.893612 612000000 999 59437
1791570405.902147 612000000 982 59250
1791570406.911404 612000000 999 59468
1791570407.919945 612000000 999 59281
1791570408.928498 612000000 987 59312
1791570409.937146 612000000 999 59468
1791570410.945938 612000000 975 59875
1791570411.954796 612000000 976 59531
1791570412.963245 612000000 999 59843
1791570413.971807 612000000 999 59562
1791570414.980319 306000000 0 58968
1791570415.989136 612000000 999 59437
1791570416.997969 612000000 985 59750
1791570418.006224 612000000 988 59843
1791570419.014465 612000000 991 59437
1791570420.023395 612000000 999 59906
1791570421.031836 612000000 999 59781
1791570422.040120 612000000 999 59937
1791570423.048558 612000000 999 59781
1791570424.057054 612000000 999 60000
1791570425.065527 612000000 998 60093
1791570426.073934 612000000 997 60062
1791570427.083054 612000000 998 59906
1791570428.091763 306000000 0 59250
1791570429.101229 612000000 999 59718
1791570430.108919 612000000 977 59750
1791570431.119731 612000000 966 59625
1791570432.127783 612000000 999 59531
1791570433.136249 612000000 999 59812
1791570434.145881 612000000 983 59593
1791570435.154164 612000000 999 60156
1791570436.162315 612000000 999 59875
1791570437.170320 612000000 999 60093
1791570438.178463 612000000 999 59875
1791570439.187519 612000000 36 59468
1791570440.195854 612000000 999 59750
1791570441.204629 612000000 999 59843
1791570442.212789 612000000 983 59656
1791570443.223918 612000000 999 60031
1791570444.232262 612000000 980 59968
1791570445.241180 612000000 999 60000
1791570446.249693 612000000 999 60031
1791570447.258039 612000000 999 59937
1791570448.266792 612000000 999 60218
1791570449.275039 612000000 999 59937
1791570450.283170 612000000 999 60375
1791570451.292562 612000000 999 60093
1791570452.300937 612000000 999 60312
1791570453.309376 612000000 999 60062
1791570454.317050 612000000 999 60000
1791570455.326051 612000000 999 60406
1791570456.334593 612000000 999 60218
1791570457.343267 612000000 999 60406
1791570458.351257 612000000 999 60125
1791570459.359353 612000000 999 60437
1791570460.367882 612000000 999 60468
1791570461.375990 612000000 999 60156
1791570462.385141 612000000 999 60437
1791570463.393502 612000000 999 60187
1791570464.401697 306000000 0 59531
1791570465.409793 612000000 996 60000
1791570466.418062 612000000 991 60156
1791570467.426723 612000000 990 60000
1791570468.435544 612000000 999 60062
1791570469.443777 612000000 989 60281
1791570470.452370 612000000 999 60062
1791570471.460686 612000000 999 60437
1791570472.468941 306000000 0 59156
1791570473.477049 612000000 999 60187
1791570474.485811 612000000 999 59937
1791570475.494571 612000000 999 60062
1791570476.503528 612000000 999 59937
1791570477.512005 612000000 999 60093
1791570478.520322 612000000 999 59875
1791570479.528467 612000000 989 60000
1791570480.536664 612000000 999 59625
1791570481.544883 612000000 999 60125
1791570482.553749 612000000 999 59937
1791570483.562359 612000000 999 59906
1791570484.571043 612000000 999 60031
1791570485.579585 612000000 999 59937
1791570486.587655 612000000 999 60156
1791570487.595803 612000000 999 59937
1791570488.604223 612000000 964 60093
1791570489.613577 612000000 999 59968
1791570490.621691 612000000 999 60031
1791570491.630064 612000000 999 60125
1791570492.638345 612000000 999 60000
1791570493.647316 612000000 999 60125
1791570494.656304 612000000 999 59937
1791570495.665021 612000000 999 60062
1791570496.672995 612000000 999 59968
1791570497.681356 612000000 999 60156
1791570498.689326 612000000 999 59968
1791570499.698062 612000000 999 60031
1791570500.706091 612000000 999 60218
1791570501.716206 612000000 982 59875
1791570502.723928 612000000 999 59937
1791570503.732167 612000000 982 59937
1791570504.739872 612000000 990 59937
1791570505.748342 612000000 999 60187
1791570506.756009 612000000 999 60062
1791570507.764221 612000000 988 60062
1791570508.771853 612000000 999 59687
1791570509.780108 612000000 999 59937
1791570510.787750 612000000 999 60156
1791570511.796891 612000000 999 59968
1791570512.806036 612000000 999 60125
1791570513.815240 612000000 999 59968
1791570514.823706 612000000 999 60156
1791570515.832240 306000000 0 59031
1791570516.841599 612000000 999 59281
1791570517.850290 612000000 999 59875
1791570518.858649 612000000 999 60000
1791570519.867024 612000000 999 59875
1791570520.875424 612000000 999 60187
1791570521.883665 612000000 999 59906
1791570522.892027 612000000 999 59906
1791570523.900273 612000000 999 60250
1791570524.909215 612000000 999 59937
1791570525.917676 612000000 999 60156
1791570526.926057 612000000 999 59906
1791570527.934580 612000000 999 60062
1791570528.942917 612000000 999 60156
1791570529.951252 612000000 998 59843
1791570530.959652 612000000 999 60031
1791570531.969172 612000000 999 59812
1791570532.977911 612000000 999 59906
1791570533.988802 612000000 999 60093
1791570534.998389 612000000 999 59812
1791570536.007655 612000000 999 59968
1791570537.016075 612000000 986 59937
1791570538.025160 612000000 998 59906
1791570539.033721 612000000 999 59937
1791570540.042271 612000000 999 60187
1791570541.050925 612000000 999 59687
1791570542.059307 612000000 999 59937
1791570543.067719 612000000 999 59906
1791570544.077241 612000000 966 59906
1791570545.085687 612000000 998 60031
1791570546.093902 612000000 999 59937
1791570547.102889 612000000 998 60000
1791570548.113526 612000000 999 59937
1791570549.121824 612000000 999 60062
1791570550.130233 612000000 998 59906
1791570551.139663 612000000 999 60156
1791570552.148486 612000000 999 60031
1791570553.157130 612000000 960 60187
1791570554.165907 612000000 999 59937
1791570555.173871 612000000 999 60250
1791570556.181861 612000000 999 60218
1791570557.189450 612000000 999 60031
1791570558.197486 612000000 999 60156
1791570559.205486 612000000 999 59937
1791570560.213505 612000000 999 60093
1791570561.221826 612000000 999 60156
1791570562.229980 612000000 998 59937
1791570563.238098 612000000 999 60156
1791570564.246728 612000000 959 59937
1791570565.254972 612000000 999 60156
1791570566.263364 612000000 999 60218
1791570567.271697 612000000 998 60000
1791570568.279890 612000000 999 60156
1791570569.288365 612000000 999 60000
1791570570.296520 612000000 999 60281
1791570571.305260 612000000 0 59343
1791570572.316805 612000000 946 59687
1791570573.325510 306000000 137 58843
1791570574.335183 612000000 974 59468
1791570575.344119 612000000 974 59468
1791570576.352772 612000000 964 59531
1791570577.361341 612000000 973 59312
1791570578.369517 306000000 130 58968
1791570579.378763 612000000 976 59437
1791570580.387914 612000000 967 59531
1791570581.396443 612000000 956 59343
1791570582.404674 612000000 982 59468
1791570583.412969 306000000 0 58656
1791570584.420146 612000000 975 59312
1791570585.428847 612000000 982 59406
1791570586.437363 612000000 951 59156
1791570587.446118 612000000 983 59406
1791570588.454440 306000000 0 58625
1791570589.465364 612000000 981 59343
1791570590.474361 612000000 989 59000
1791570591.483208 612000000 970 59468
1791570592.491777 612000000 982 59125
1791570593.500318 612000000 11 59125
1791570594.508739 612000000 980 59187
1791570595.517120 306000000 0 58875
1791570596.524871 612000000 999 59218
1791570597.533546 612000000 1000 59250
1791570598.541806 612000000 1000 59500
1791570599.550328 612000000 973 59093
1791570600.559181 612000000 959 59406
1791570601.567969 612000000 972 59218
1791570602.576513 612000000 974 59562
1791570603.585243 612000000 964 58968
1791570604.593870 612000000 29 58875
1791570605.603274 612000000 981 58906
1791570606.611797 612000000 951 58781
1791570607.619962 612000000 981 58906
1791570608.628856 612000000 979 58968
1791570609.637320 612000000 968 58906
1791570610.646099 612000000 942 58781
1791570611.654841 306000000 304 58500
1791570612.662820 612000000 970 58843
1791570613.671813 612000000 961 58968
1791570614.681897 612000000 956 58812
1791570615.690964 612000000 973 59000
1791570616.699530 612000000 1 58562
1791570617.709016 612000000 983 58937
1791570618.717259 306000000 951 58250
1791570619.725837 612000000 980 58875
1791570620.734441 612000000 955 58406
1791570621.744126 612000000 953 58906
1791570622.753123 612000000 973 58500
1791570623.761715 612000000 5 58218
1791570624.772411 612000000 999 59062
1791570625.781450 612000000 1000 58906
1791570626.789982 612000000 997 58937
1791570627.799151 612000000 947 58562
1791570628.808697 612000000 910 58937
1791570629.817406 612000000 937 59312
1791570630.826131 306000000 0 58312
1791570631.833664 612000000 978 58906
1791570632.842355 612000000 0 58437
1791570633.850621 612000000 974 59125
1791570634.859934 612000000 946 58750
1791570635.869095 612000000 975 59500
1791570636.877461 306000000 457 58218
1791570637.884845 612000000 982 58875
1791570638.893115 612000000 999 59031
1791570639.901781 612000000 999 58968
1791570640.910408 612000000 983 59250
1791570641.918810 612000000 1000 58968
1791570642.927239 612000000 966 59125
1791570643.936017 612000000 956 58937
1791570644.944572 612000000 973 59468
1791570645.953607 612000000 0 58812
1791570646.962818 612000000 980 59000
1791570647.971847 612000000 949 58968
1791570648.981005 612000000 983 59031
1791570649.989901 612000000 11 58562
1791570650.998961 612000000 991 59531
1791570652.008224 408000000 0 58625
1791570653.016042 612000000 991 59125
1791570654.025304 612000000 971 59281
1791570655.034059 612000000 982 59156
1791570656.042945 612000000 955 58875
1791570657.051079 612000000 981 59375
1791570658.060195 306000000 0 58875
1791570659.068032 612000000 977 58875
1791570660.077428 612000000 970 59343
1791570661.085813 612000000 983 59031
1791570662.094826 612000000 0 58750
1791570663.104118 612000000 976 59406
1791570664.112891 306000000 0 58718
1791570665.121300 612000000 977 59093
1791570666.130644 612000000 0 59062
1791570667.140554 612000000 946 59343
1791570668.150195 306000000 0 58781
1791570669.158175 612000000 980 59562
1791570670.169141 306000000 113 58562
1791570671.176923 612000000 975 59343
1791570672.186512 612000000 966 59281
1791570673.195002 612000000 948 59125
1791570674.203516 612000000 965 59312
1791570675.212929 612000000 987 59500
1791570676.221414 612000000 962 59875
1791570677.229257 612000000 977 59625
1791570678.237473 306000000 0 58812
1791570679.244880 612000000 984 59312
1791570680.254058 612000000 981 59562
1791570681.262554 306000000 0 59000
1791570682.269839 612000000 985 59093
1791570683.277235 612000000 36 59093
1791570684.285384 612000000 960 59937
1791570685.293712 612000000 973 59062
1791570686.302093 612000000 1000 59687
1791570687.310666 612000000 1000 59406
1791570688.321013 612000000 1000 59562
1791570689.329515 510000000 495 58593
1791570690.338330 612000000 984 59593
1791570691.347163 612000000 989 58968
1791570692.356626 612000000 990 59437
1791570693.364971 306000000 0 58531
1791570694.372394 612000000 971 59937
1791570695.380963 306000000 0 58968
1791570696.388330 612000000 975 59437
1791570697.397028 306000000 0 59218
1791570698.405363 612000000 946 59312
1791570699.413226 612000000 1 58906
1791570700.420898 612000000 943 59906
1791570701.429339 306000000 248 58750
1791570702.436225 612000000 989 59656
1791570703.445761 612000000 976 59562
1791570704.454075 612000000 980 59750
1791570705.462587 612000000 981 59187
1791570706.471327 612000000 988 59437
1791570707.479559 612000000 981 59562
1791570708.487882 612000000 978 59750
1791570709.496462 612000000 999 59000
1791570710.505280 612000000 990 59468
1791570711.514551 612000000 988 59468
1791570712.523943 612000000 999 59531
1791570713.532261 612000000 984 59468
1791570714.541885 612000000 997 59500
1791570715.550399 306000000 0 58750
1791570716.558348 612000000 957 59312
1791570717.567777 306000000 0 58625
1791570718.575945 306000000 0 58375
1791570719.583700 612000000 982 59281
1791570720.593957 612000000 934 59062
1791570721.603395 612000000 959 59250
1791570722.612687 306000000 0 58781
1791570723.620193 612000000 999 58968
1791570724.628947 612000000 991 59156
1791570725.637691 612000000 987 59562
1791570726.646580 612000000 941 59312
1791570727.655864 510000000 0 59156
1791570728.664971 306000000 0 58656
1791570729.672352 612000000 990 59531
1791570730.681321 612000000 989 59687
1791570731.690066 612000000 961 59500
1791570732.699619 612000000 10 59125
1791570733.708557 612000000 978 59312
1791570734.717479 612000000 978 59468
1791570735.726287 612000000 953 59468
1791570736.735330 612000000 393 59343
1791570737.744078 612000000 999 59250
1791570738.753307 612000000 990 59375
1791570739.761704 612000000 988 59687
1791570740.770259 612000000 999 59718
1791570741.779457 612000000 984 59875
1791570742.787795 612000000 997 59843
1791570743.796092 612000000 3 59156
1791570744.804216 612000000 958 59500
1791570745.813319 306000000 0 59062
1791570746.823553 612000000 990 59468
1791570747.832627 612000000 973 59937
1791570748.841406 612000000 989 59718
1791570749.850026 612000000 997 59781
1791570750.858422 612000000 997 59937
1791570751.867269 510000000 3 59156
1791570752.875848 306000000 0 59093
1791570753.882642 612000000 0 59000
1791570754.890375 612000000 967 59281
1791570755.900861 612000000 958 59156
1791570756.909495 612000000 963 58875
1791570757.918244 408000000 0 58500
1791570758.927050 306000000 411 58750
1791570759.934840 306000000 0 58593
1791570760.944119 612000000 973 58968
1791570761.953385 306000000 205 58625
1791570762.961458 612000000 972 59250
1791570763.970509 612000000 977 59218
1791570764.979305 612000000 970 59281
1791570765.987605 612000000 971 59125
1791570766.996397 306000000 78 58500
1791570768.005226 612000000 974 59312
1791570769.014782 612000000 963 59062
1791570770.023638 612000000 0 58968
1791570771.032463 612000000 0 58500
1791570772.039448 612000000 0 58656
1791570773.047943 612000000 51 58468
1791570774.057102 306000000 306 58187
1791570775.066471 612000000 982 58468
1791570776.076608 306000000 115 58312
1791570777.084848 612000000 978 58781
1791570778.093252 306000000 224 58187
1791570779.100328 612000000 682 58968
1791570780.109672 612000000 892 58437
1791570781.118576 612000000 966 58281
1791570782.127633 612000000 946 58062
1791570783.136551 612000000 890 58406
1791570784.145717 612000000 999 58437
1791570785.154379 612000000 975 58750
1791570786.163488 612000000 999 58750
1791570787.172266 612000000 999 58968
1791570788.181261 612000000 973 58750
1791570789.190370 408000000 0 58031
1791570790.204181 612000000 860 58500
1791570791.214634 612000000 832 58812
1791570792.223188 306000000 264 57937
1791570793.232446 612000000 959 58500
1791570794.241330 612000000 953 58375
1791570795.248900 612000000 0 58062
1791570796.260634 612000000 967 58343
1791570797.268236 612000000 957 58156
1791570798.276119 612000000 972 58437
1791570799.284908 612000000 971 58218
1791570800.293813 510000000 0 58000
1791570801.302491 612000000 947 58093
1791570802.310809 612000000 982 57875
1791570803.319447 612000000 975 57656
1791570804.328019 612000000 944 58093
1791570805.336739 510000000 30 57593
1791570806.345961 612000000 977 58343
1791570807.354649 612000000 982 58187
1791570808.364936 612000000 0 58187
1791570809.373920 306000000 138 57656
1791570810.382286 306000000 0 57625
1791570811.390163 306000000 18 57593
1791570812.398833 612000000 978 57750
1791570813.407459 612000000 955 57656
1791570814.416282 612000000 985 57781
1791570815.424817 306000000 142 57500
1791570816.433506 612000000 982 57843
1791570817.441877 306000000 0 57656
1791570818.449230 612000000 976 58031
1791570819.457759 612000000 960 57750
1791570820.466940 612000000 968 57937
1791570821.475539 612000000 947 58000
1791570822.484442 306000000 20 57531
1791570823.491579 612000000 999 58093
1791570824.500202 612000000 999 58375
1791570825.508510 612000000 999 58187
1791570826.516777 612000000 973 57937
1791570827.525053 612000000 122 57843
1791570828.533329 612000000 0 57531
1791570829.541331 612000000 969 58093
1791570830.549805 612000000 981 57343
1791570831.558106 612000000 959 57531
1791570832.566602 612000000 948 57937
1791570833.574896 612000000 959 57875
1791570834.584091 612000000 677 57718
1791570835.592670 306000000 136 57156
1791570836.600934 612000000 929 57500
1791570837.609397 612000000 974 57218
1791570838.617869 612000000 0 57125
1791570839.625682 612000000 923 57218
1791570840.634105 612000000 888 57468
1791570841.642621 612000000 0 57375
1791570842.650574 612000000 898 57906
1791570843.658937 612000000 952 57781
1791570844.667920 612000000 911 57687
1791570845.676264 612000000 954 57687
1791570846.685641 306000000 159 57031
1791570847.692766 612000000 981 57656
1791570848.701275 612000000 972 57843
1791570849.709663 612000000 98 57500
1791570850.719514 408000000 594 57375
1791570851.727624 306000000 111 57000
1791570852.734761 612000000 980 57218
1791570853.742465 306000000 0 56937
1791570854.749741 612000000 953 57250
1791570855.758157 612000000 944 57656
1791570856.767319 612000000 955 57781
1791570857.776852 612000000 997 57875
1791570858.785226 612000000 980 57656
1791570859.793216 612000000 982 58000
1791570860.801613 612000000 0 57156
1791570861.810984 612000000 946 57000
1791570862.819955 612000000 971 56656
1791570863.829354 306000000 305 56593
1791570864.836607 612000000 999 57593
1791570865.845224 612000000 986 57531
1791570866.853826 612000000 986 57781
1791570867.862206 612000000 979 56875
1791570868.871218 306000000 0 56875
1791570869.879596 612000000 986 56593
1791570870.888271 612000000 992 56687
1791570871.896793 612000000 0 56687
1791570872.904425 612000000 991 56375
1791570873.914161 510000000 0 56593
1791570874.923019 612000000 999 56312
1791570875.931345 612000000 999 56531
1791570876.939525 612000000 985 56343
1791570877.947772 408000000 0 56468
1791570878.956048 612000000 999 56218
1791570879.964965 612000000 999 56468
1791570880.973721 612000000 0 56406
1791570881.981732 612000000 969 56125
1791570882.990466 612000000 999 56437
1791570883.999375 612000000 999 56062
1791570885.007558 612000000 999 56312
1791570886.015873 612000000 999 56062
1791570887.024279 612000000 999 56218
1791570888.033858 612000000 999 55968
1791570889.042090 612000000 999 56250
1791570890.050445 612000000 999 55875
1791570891.059586 612000000 998 55906
1791570892.068062 612000000 999 56187
1791570893.076824 612000000 999 55750
1791570894.085359 612000000 999 56062
1791570895.093691 612000000 0 55843
1791570896.101424 306000000 830 56031
1791570897.109867 612000000 999 56031
1791570898.118070 612000000 999 55781
1791570899.126690 612000000 999 56031
1791570900.135072 612000000 999 55750
1791570901.143727 612000000 999 55906
1791570902.152514 612000000 999 55656
1791570903.161604 612000000 999 55968
1791570904.170135 612000000 999 55625
1791570905.178621 612000000 999 55781
1791570906.187167 612000000 999 55593
1791570907.196806 612000000 999 55781
1791570908.205054 612000000 999 55562
1791570909.213325 612000000 999 55500
1791570910.221923 612000000 999 55750
1791570911.230559 612000000 999 55750
1791570912.241055 612000000 999 55531
1791570913.249728 612000000 10 55593
1791570914.261793 306000000 0 55593
1791570915.271216 612000000 999 55375
1791570916.281215 612000000 999 55593
1791570917.288433 612000000 999 55406
1791570918.298048 612000000 0 55375
1791570919.305589 612000000 998 55562
1791570920.313921 612000000 999 55281
1791570921.322187 612000000 999 55593
1791570922.330128 612000000 999 55312
1791570923.338646 612000000 999 55218
1791570924.346836 612000000 999 55531
1791570925.354858 612000000 999 55187
1791570926.363075 612000000 999 55468
1791570927.371106 612000000 999 55437
1791570928.379327 612000000 999 55062
1791570929.387084 612000000 999 55406
1791570930.395848 612000000 999 55062
1791570931.403862 612000000 999 55343
1791570932.412120 612000000 999 55000
1791570933.421170 612000000 999 55062
1791570934.429265 612000000 999 55468
1791570935.437659 612000000 999 54968
1791570936.446558 612000000 999 55375
1791570937.455009 612000000 999 55031
1791570938.463657 306000000 20 55218
1791570939.470911 612000000 999 55875
1791570940.480651 612000000 999 56500
1791570941.489174 612000000 999 56093
1791570942.497799 612000000 999 56062
1791570943.506505 612000000 988 56937
1791570944.515070 612000000 983 56500
1791570945.523740 612000000 999 57093
1791570946.532539 612000000 999 56750
1791570947.540886 612000000 982 57218
1791570948.549230 612000000 999 57031
1791570949.557627 306000000 45 56312
1791570950.567816 612000000 999 57062
1791570951.576027 612000000 984 57437
1791570952.584448 612000000 980 57125
1791570953.592595 612000000 999 57187
1791570954.601048 612000000 999 57031
1791570955.609928 612000000 999 57000
1791570956.618242 612000000 999 57156
1791570957.626825 612000000 999 57250
1791570958.635284 612000000 999 56968
1791570959.643648 612000000 985 57468
1791570960.652129 612000000 999 57375
1791570961.660595 612000000 999 57343
1791570962.668962 612000000 999 57625
1791570963.677562 612000000 998 57437
1791570964.686147 612000000 999 57656
1791570965.694397 612000000 998 57625
1791570966.702920 612000000 999 57843
1791570967.711463 612000000 999 57625
1791570968.719792 612000000 999 57875
1791570969.728304 612000000 999 57875
1791570970.736725 612000000 999 57781
1791570971.744954 306000000 0 57031
1791570972.752810 612000000 975 57437
1791570973.762218 612000000 976 57343
1791570974.771246 612000000 974 57437
1791570975.780507 612000000 951 57406
1791570976.789556 612000000 0 56875
1791570977.798096 612000000 973 57437
1791570978.806544 612000000 968 57093
1791570979.815760 612000000 972 57437
1791570980.824304 612000000 974 57125
1791570981.832752 612000000 0 56687
1791570982.840537 612000000 971 57187
1791570983.848987 306000000 922 56562
1791570984.857424 612000000 978 57031
1791570985.866113 612000000 991 57343
1791570986.875357 612000000 965 57843
1791570987.884180 612000000 973 57562
1791570988.892960 612000000 3 57093
1791570989.902150 612000000 978 57375
1791570990.911142 612000000 999 57500
1791570991.919616 612000000 999 57437
1791570992.928013 306000000 0 56687
1791570993.935966 612000000 973 57437
1791570994.944846 306000000 0 56812
1791570995.952342 612000000 926 57375
1791570996.961412 612000000 0 57343
1791570997.972511 612000000 906 57250
1791570998.981500 306000000 0 56812
1791570999.988799 612000000 981 57375
1791571000.997485 612000000 888 57031
1791571002.006335 612000000 965 57375
1791571003.014783 612000000 999 57531
1791571004.022963 612000000 974 57812
1791571005.032391 306000000 0 56937
1791571006.040627 612000000 991 58156
1791571007.049543 612000000 0 57375
1791571008.058018 612000000 975 57562
1791571009.067064 612000000 981 57625
1791571010.075801 306000000 0 56968
1791571011.083419 612000000 956 57781
1791571012.091912 612000000 0 57406
1791571013.100203 612000000 971 57906
1791571014.108863 306000000 0 57218
1791571015.116532 612000000 973 57781
1791571016.125194 612000000 948 57437
1791571017.134533 612000000 935 57500
1791571018.142950 612000000 954 57531
1791571019.151616 306000000 0 57031
1791571020.158993 612000000 982 58093
1791571021.167550 612000000 976 58156
1791571022.175769 612000000 971 58218
1791571023.184743 612000000 949 58187
1791571024.193739 612000000 999 57812
1791571025.202798 612000000 990 58125
1791571026.211185 306000000 0 57531
1791571027.219544 612000000 985 58187
1791571028.228254 612000000 969 58156
1791571029.237030 612000000 982 58250
1791571030.245444 612000000 978 58062
1791571031.253756 612000000 988 58125
1791571032.260976 612000000 983 58125
1791571033.269456 306000000 46 57343
1791571034.278849 306000000 507 57218
1791571035.288793 612000000 980 58031
1791571036.298716 306000000 0 57343
1791571037.309422 612000000 999 58250
1791571038.318886 612000000 998 58281
1791571039.327746 612000000 999 58312
1791571040.336442 306000000 0 57437
1791571041.346845 306000000 0 57156
1791571042.355029 612000000 999 57250
1791571043.363409 612000000 976 58000
1791571044.371695 612000000 999 58000
1791571045.381512 612000000 985 58156
1791571046.390067 408000000 0 57906
1791571047.404434 306000000 0 57531
1791571048.413845 612000000 969 57687
1791571049.422527 612000000 989 58187
1791571050.431405 306000000 0 57468
1791571051.440373 306000000 0 57312
1791571052.448095 306000000 0 57468
1791571053.455455 612000000 999 57781
1791571054.464258 612000000 956 58187
1791571055.473251 306000000 9 57437
1791571056.481821 306000000 0 57343
1791571057.488965 612000000 997 58031
1791571058.497746 612000000 973 58093
1791571059.506614 306000000 0 57625
1791571060.514087 612000000 984 58062
1791571061.523666 306000000 130 57875
1791571062.532232 612000000 988 57906
1791571063.541492 612000000 991 58406
1791571064.550017 306000000 853 57812
1791571065.558116 612000000 960 58562
1791571066.566949 612000000 991 57812
1791571067.575619 612000000 980 57625
1791571068.583969 612000000 954 58125
1791571069.592100 612000000 959 58156
1791571070.601238 612000000 961 58406
1791571071.609437 306000000 0 57468
1791571072.618353 306000000 0 57656
1791571073.624857 306000000 0 57718
1791571074.631512 612000000 0 57843
1791571075.640050 612000000 42 57781
1791571076.649562 612000000 982 57937
1791571077.658418 612000000 925 58000
1791571078.667177 612000000 970 57968
1791571079.676559 612000000 945 58000
1791571080.686623 408000000 0 57531
1791571081.694246 306000000 0 57437
1791571082.701543 612000000 954 58187
1791571083.710275 612000000 0 58125
1791571084.723107 612000000 963 58000
1791571085.732385 306000000 0 57718
1791571086.741750 306000000 0 57312
1791571087.749317 612000000 990 58250
1791571088.757875 612000000 986 58187
1791571089.766313 306000000 830 57906
1791571090.774518 612000000 959 58125
1791571091.783527 306000000 0 57531
1791571092.790958 510000000 879 57812
1791571093.799571 612000000 991 58500
1791571094.808303 306000000 36 58000
1791571095.816123 612000000 999 58500
1791571096.825554 612000000 988 58718
1791571097.834201 612000000 973 58562
1791571098.842726 612000000 947 58250
1791571099.851768 612000000 0 58031
1791571100.860446 612000000 962 58031
1791571101.869492 612000000 991 58375
1791571102.878385 612000000 941 58375
1791571103.889142 612000000 955 58312
1791571104.898235 306000000 59 58000
1791571105.905524 612000000 991 58250
1791571106.914242 612000000 989 58656
1791571107.922830 612000000 945 58312
1791571108.932382 612000000 939 58562
1791571109.942415 510000000 985 57968
1791571110.951569 612000000 991 58781
1791571111.960493 306000000 20 58062
1791571112.967849 612000000 980 58750
1791571113.977324 612000000 975 58718
1791571114.985920 612000000 944 58687
1791571115.995089 612000000 652 58500
1791571117.003856 612000000 999 58468
1791571118.012606 612000000 991 58843
1791571119.021122 612000000 989 58968
1791571120.031422 612000000 944 58593
1791571121.042117 612000000 30 58343
1791571122.054004 612000000 980 58656
1791571123.063654 612000000 965 58812
1791571124.073538 612000000 953 58656
1791571125.083496 612000000 0 58468
1791571126.091549 306000000 0 58218
1791571127.099154 612000000 990 58750
1791571128.108440 612000000 986 59218
1791571129.117390 612000000 942 58812
1791571130.127766 612000000 0 58843
1791571131.136768 306000000 0 58125
1791571132.144105 612000000 997 58812
1791571133.153192 612000000 990 58937
1791571134.161786 612000000 0 58843
1791571135.172367 612000000 962 58968
1791571136.181419 306000000 0 58531
1791571137.190246 306000000 0 58250
1791571138.197956 612000000 965 59187
1791571139.207520 306000000 0 58531
1791571140.216769 612000000 963 59187
1791571141.226583 612000000 962 58843
1791571142.235741 612000000 957 59093
1791571143.244486 612000000 964 58875
1791571144.253047 306000000 0 58531
1791571145.260368 612000000 999 59031
1791571146.269238 612000000 999 59375
1791571147.277611 612000000 999 59187
1791571148.286020 612000000 953 59125
1791571149.295735 612000000 951 58968
1791571150.305058 612000000 964 58968
1791571151.314434 612000000 985 58687
1791571152.323697 612000000 963 58906
1791571153.334207 612000000 960 58906
1791571154.342930 612000000 952 58750
1791571155.353424 306000000 20 58468
1791571156.363120 612000000 977 58187
1791571157.371924 306000000 0 58250
1791571158.382399 612000000 961 58812
1791571159.391782 306000000 0 58000
1791571160.401201 612000000 983 58781
1791571161.411365 612000000 985 58718
1791571162.420014 306000000 0 58218
1791571163.427672 612000000 983 58718
1791571164.439252 306000000 132 58406
1791571165.448389 612000000 998 58156
1791571166.456350 612000000 988 58843
1791571167.465761 612000000 0 58625
1791571168.475110 306000000 0 58281
1791571169.484213 306000000 0 57968
1791571170.492859 612000000 990 58531
1791571171.503028 612000000 999 58593
1791571172.511943 408000000 0 58500
1791571173.519578 306000000 0 57968
1791571174.528154 612000000 977 58562
1791571175.537337 612000000 990 58593
1791571176.546164 306000000 0 58187
1791571177.555343 306000000 0 57906
1791571178.564222 306000000 0 58000
1791571179.571533 612000000 999 58656
1791571180.580147 612000000 999 58562
1791571181.588462 612000000 999 58968
1791571182.596834 612000000 10 58468
1791571183.605004 306000000 0 58281
1791571184.613385 612000000 998 57968
1791571185.621986 612000000 983 58656
1791571186.630553 306000000 0 58375
1791571187.637845 612000000 989 58718
1791571188.646495 408000000 0 58531
1791571189.654601 612000000 981 58781
1791571190.662704 612000000 979 58875
1791571191.671206 612000000 990 58781
1791571192.680091 612000000 975 59156
1791571193.689884 306000000 0 58375
1791571194.698389 612000000 982 59031
1791571195.707436 306000000 0 58593
1791571196.716824 612000000 972 59593
1791571197.725998 306000000 0 58500
1791571198.735668 612000000 984 59562
1791571199.744341 612000000 980 59406
1791571200.753598 306000000 0 58906
1791571201.761609 612000000 973 58843
1791571202.771393 612000000 999 59031
1791571203.779797 612000000 985 59312
1791571204.788200 612000000 999 59125
1791571205.797394 612000000 999 59406
1791571206.805514 612000000 953 58781
1791571207.814223 306000000 90 58500
1791571208.822539 612000000 982 58937
1791571209.831283 612000000 980 58875
1791571210.839680 612000000 983 59000
1791571211.848383 306000000 0 58500
1791571212.856224 612000000 983 59031
1791571213.865568 612000000 977 59000
1791571214.873867 612000000 999 59031
1791571215.882827 612000000 984 59187
1791571216.891094 612000000 991 59625
1791571217.900188 612000000 976 59625
1791571218.907721 612000000 981 59562
1791571219.916389 612000000 981 59500
1791571220.925667 612000000 951 59187
1791571221.934364 612000000 974 59000
1791571222.943312 612000000 958 59062
1791571223.951884 612000000 4 58625
1791571224.961701 612000000 976 59187
1791571225.970155 306000000 0 58593
1791571226.977450 612000000 976 58906
1791571227.986310 612000000 0 58937
1791571228.994451 612000000 974 58875
1791571230.004041 612000000 967 59468
1791571231.013462 612000000 973 59531
1791571232.022263 612000000 38 58968
1791571233.032752 612000000 974 59906
1791571234.041186 306000000 0 58968
1791571235.048598 612000000 980 58968
1791571236.057457 612000000 972 59031
1791571237.066684 612000000 954 58937
1791571238.075564 612000000 974 59281
1791571239.084292 306000000 0 58406
1791571240.091972 612000000 973 59312
1791571241.101314 612000000 973 58906
1791571242.109978 612000000 955 59375
1791571243.118474 612000000 956 59125
1791571244.127343 306000000 0 58500
1791571245.134829 612000000 999 59187
1791571246.143311 612000000 999 59093
1791571247.151771 612000000 999 59343
1791571248.160050 612000000 960 58843
1791571249.169153 612000000 971 59437
1791571250.178006 612000000 973 59062
1791571251.187570 612000000 29 58718
1791571252.197003 612000000 999 59343
1791571253.205652 612000000 999 59687
1791571254.214180 612000000 999 59468
1791571255.223093 612000000 999 59781
1791571256.232064 612000000 999 59500
1791571257.241275 612000000 976 59437
1791571258.250467 612000000 999 59562
1791571259.261004 612000000 999 59468
1791571260.269568 612000000 999 59718
1791571261.278147 612000000 985 59937
1791571262.287712 612000000 999 59656
1791571263.296408 612000000 971 59781
1791571264.304919 612000000 999 59812
1791571265.313213 612000000 998 60031
1791571266.321923 612000000 998 59750
1791571267.330383 612000000 980 60062
1791571268.338877 612000000 999 59843
1791571269.347386 612000000 999 59875
1791571270.356097 612000000 999 59937
1791571271.365330 612000000 999 59812
1791571272.374635 612000000 999 59937
1791571273.384601 612000000 0 59187
1791571274.396624 612000000 985 59437
1791571275.405061 612000000 968 59531
1791571276.414496 612000000 999 60062
1791571277.423640 612000000 986 60000
1791571278.430708 612000000 999 59812
1791571279.440218 612000000 999 60156
1791571280.448851 612000000 999 59937
1791571281.456906 612000000 999 59937
1791571282.466125 612000000 999 59937
1791571283.474210 612000000 999 60156
1791571284.482192 612000000 979 60125
1791571285.490730 612000000 999 59937
1791571286.499367 612000000 999 60156
1791571287.507421 612000000 999 60000
1791571288.516776 510000000 833 59062
1791571289.525178 612000000 999 59500
1791571290.533526 612000000 999 59937
1791571291.542123 612000000 982 59687
1791571292.550554 612000000 999 60281
1791571293.559532 612000000 999 59968
1791571294.567850 612000000 999 59687
1791571295.576524 612000000 999 60125
1791571296.584886 612000000 999 59875
1791571297.593476 612000000 999 60187
1791571298.601968 612000000 999 59687
1791571299.610565 612000000 999 60343
1791571300.619070 612000000 999 59937
1791571301.627879 612000000 999 60156
1791571302.635775 612000000 999 60281
1791571303.644344 612000000 999 60093
1791571304.652862 612000000 998 60437
1791571305.661004 612000000 999 60125
1791571306.669218 612000000 999 60343
1791571307.677347 612000000 999 60156
1791571308.685791 612000000 999 60187
1791571309.694258 612000000 999 60468
1791571310.703086 612000000 974 59593
1791571311.711774 612000000 961 60031
1791571312.720154 612000000 969 59656
1791571313.728987 612000000 956 60000
1791571314.737499 612000000 975 59593
1791571315.746222 612000000 954 59375
1791571316.755454 612000000 973 59531
1791571317.764529 612000000 973 59625
1791571318.773030 612000000 969 59312
1791571319.781904 612000000 974 59468
1791571320.790537 306000000 0 58625
1791571321.798895 612000000 971 59312
1791571322.808618 612000000 962 58906
1791571323.817308 612000000 957 59312
1791571324.825686 612000000 991 59843
1791571325.834012 612000000 977 59968
1791571326.844285 612000000 968 59750
1791571327.852904 306000000 110 58812
1791571328.860613 612000000 976 59531
1791571329.869882 612000000 0 59312
1791571330.881584 612000000 982 59125
1791571331.891494 612000000 952 59687
1791571332.900254 612000000 983 59250
1791571333.908805 612000000 960 59500
1791571334.917662 612000000 882 59000
1791571335.926341 306000000 20 58812
1791571336.936272 612000000 999 59250
1791571337.945170 612000000 999 59593
1791571338.953485 612000000 999 59343
1791571339.962560 612000000 978 59312
1791571340.971696 612000000 952 59000
1791571341.980607 612000000 990 59750
1791571342.989168 612000000 969 59468
1791571343.997830 612000000 975 59250
1791571345.006373 612000000 982 59656
1791571346.014900 306000000 0 58843
1791571347.022438 612000000 984 59468
1791571348.031776 612000000 956 59375
1791571349.040389 612000000 999 59062
1791571350.049209 612000000 981 59437
1791571351.057946 306000000 0 59062
1791571352.065389 612000000 982 59343
1791571353.074529 306000000 0 59062
1791571354.083015 612000000 971 59312
1791571355.091955 612000000 981 59312
1791571356.101680 612000000 967 58937
1791571357.110142 612000000 952 59218
1791571358.119544 306000000 138 58468
1791571359.127436 612000000 981 59812
1791571360.136218 612000000 977 59500
1791571361.144532 612000000 980 59875
1791571362.154267 612000000 0 59125
1791571363.162853 612000000 981 59625
1791571364.171956 612000000 990 59437
1791571365.181185 306000000 0 59031
1791571366.190642 612000000 979 59468
1791571367.199831 306000000 0 59250
1791571368.207597 612000000 988 59281
1791571369.216202 612000000 0 59375
1791571370.227353 612000000 982 59375
1791571371.235692 612000000 592 59500
1791571372.246182 306000000 0 58562
1791571373.254071 612000000 991 59406
1791571374.263212 612000000 0 58937
1791571375.271707 306000000 0 58781
1791571376.278834 306000000 0 58187
1791571377.287327 612000000 846 58562
1791571378.295984 612000000 999 59062
1791571379.304127 612000000 983 59218
1791571380.313121 612000000 999 59125
1791571381.321686 306000000 0 58812
1791571382.329537 306000000 0 58593
1791571383.337841 612000000 981 58812
1791571384.347895 612000000 964 58968
1791571385.357680 306000000 0 58593
1791571386.365847 306000000 0 58343
1791571387.374834 306000000 0 58343
1791571388.383250 612000000 952 58906
1791571389.391391 612000000 967 59187
1791571390.401308 306000000 0 58500
1791571391.408519 306000000 0 58312
1791571392.415928 612000000 987 59156
1791571393.426908 612000000 999 59156
1791571394.438704 612000000 997 59312
1791571395.446964 612000000 981 59437
1791571396.455934 612000000 972 59437
1791571397.464939 612000000 35 58906
1791571398.474867 612000000 968 59000
1791571399.485613 612000000 959 59281
1791571400.494521 306000000 0 58468
1791571401.502708 612000000 984 59093
1791571402.510827 612000000 981 59281
1791571403.519003 612000000 951 59593
1791571404.529716 306000000 0 58750
1791571405.537408 612000000 134 58750
1791571406.545728 612000000 0 58500
1791571407.553846 612000000 969 59000
1791571408.562218 612000000 982 59000
1791571409.570464 612000000 962 59000
1791571410.578762 612000000 984 59093
1791571411.587304 612000000 984 58843
1791571412.595678 612000000 969 58812
1791571413.604248 612000000 977 59000
1791571414.612670 612000000 977 58875
1791571415.621271 612000000 958 59062
1791571416.629766 612000000 960 58750
1791571417.638327 306000000 0 58500
1791571418.646934 612000000 970 58812
1791571419.657084 306000000 0 58437
1791571420.664319 612000000 793 58250
1791571421.672200 612000000 989 59218
1791571422.681788 612000000 943 58687
1791571423.690991 612000000 947 59093
1791571424.699559 306000000 0 58531
1791571425.706710 612000000 986 58562
1791571426.715066 612000000 988 59125
1791571427.723138 612000000 986 59156
1791571428.731526 612000000 946 59125
1791571429.740298 306000000 0 58750
1791571430.749729 306000000 0 58500
1791571431.757214 612000000 990 59312
1791571432.765734 612000000 976 59468
1791571433.774377 612000000 941 59093
1791571434.784948 306000000 0 58812
1791571435.792991 612000000 975 59093
1791571436.801918 612000000 961 59218
1791571437.810535 612000000 951 59281
1791571438.819457 612000000 9 59093
1791571439.829769 612000000 999 58937
1791571440.839753 612000000 999 59375
1791571441.848569 612000000 987 59468
1791571442.856869 612000000 999 59656
1791571443.865471 612000000 986 59750
1791571444.873779 612000000 986 59625
1791571445.882192 612000000 36 59218
1791571446.891573 612000000 964 59531
1791571447.901407 306000000 0 59031
1791571448.909040 612000000 989 59375
1791571449.917637 612000000 977 59843
1791571450.925983 612000000 999 59656
1791571451.934229 612000000 999 59875
1791571452.942809 612000000 987 59656
1791571453.951131 306000000 0 59218
1791571454.962097 612000000 999 59593
1791571455.972375 612000000 985 59906
1791571456.981025 612000000 999 59625
1791571457.989556 306000000 0 58968
1791571458.997919 306000000 0 58468
1791571460.006037 306000000 0 58500
1791571461.014321 306000000 0 58281
1791571462.023532 306000000 0 58375
1791571463.031753 306000000 0 58250
1791571464.040491 306000000 0 58000
1791571465.048770 306000000 0 58187
1791571466.057123 306000000 0 57968
1791571467.065441 306000000 0 57968
1791571468.074498 306000000 0 57781
1791571469.082892 306000000 0 57906
1791571470.091334 306000000 0 57593
1791571471.100345 306000000 0 57750
1791571472.108917 306000000 0 57687
1791571473.117105 306000000 0 57531
1791571474.125385 306000000 0 57562
1791571475.133814 306000000 0 57375
1791571476.142058 306000000 0 57531
1791571477.150172 306000000 0 57437
1791571478.158378 306000000 0 57093
1791571479.166774 306000000 0 57375
1791571480.175192 306000000 0 57031
1791571481.183456 306000000 0 57187
1791571482.191885 306000000 0 56906
1791571483.201235 306000000 0 57093
1791571484.209516 306000000 0 56875
1791571485.217894 306000000 0 56968
1791571486.226684 306000000 0 56687
1791571487.235632 306000000 0 56687
1791571488.243815 306000000 0 56843
1791571489.252102 306000000 0 56562
1791571490.260668 306000000 0 56750
1791571491.268995 306000000 0 56562
1791571492.277681 306000000 0 56625
1791571493.286376 306000000 0 56406
1791571494.295483 306000000 0 56500
1791571495.304270 306000000 0 56281
1791571496.312816 306000000 0 56218
1791571497.320991 306000000 0 56312
1791571498.329635 306000000 0 56187
1791571499.338250 306000000 0 56406
1791571500.346757 306000000 0 56093
1791571501.355145 306000000 0 56250
1791571502.364496 306000000 0 56062
1791571503.372768 306000000 0 56250
1791571504.381303 306000000 0 55968
1791571505.390013 306000000 0 56062
1791571506.398396 306000000 0 55875
1791571507.407716 306000000 0 56031
1791571508.416535 306000000 0 56000
1791571509.424857 306000000 0 55781
1791571510.433413 306000000 0 55937
1791571511.441895 306000000 0 55687
1791571512.450265 306000000 0 55781
1791571513.458366 306000000 0 55687
1791571514.468639 306000000 0 55781
1791571515.477193 306000000 0 55687
1791571516.485150 306000000 0 55781
1791571517.493212 306000000 0 55562
1791571518.502352 612000000 999 56625
1791571519.510969 612000000 999 57375
1791571520.518310 612000000 999 57281
1791571521.527699 612000000 999 57156
1791571522.535235 612000000 999 57281
1791571523.544014 612000000 999 57593
1791571524.551975 612000000 999 57718
1791571525.559986 612000000 999 57531
1791571526.568161 612000000 999 57843
1791571527.576292 612000000 971 57656
1791571528.584398 612000000 999 57937
1791571529.592772 612000000 999 58062
1791571530.601494 612000000 999 57812
1791571531.609756 612000000 999 58062
1791571532.618068 612000000 999 57875
1791571533.626274 612000000 999 58187
1791571534.634599 612000000 999 58000
1791571535.642910 612000000 999 58000
1791571536.652263 612000000 999 58031
1791571537.660624 612000000 999 58062
1791571538.669253 612000000 999 58312
1791571539.677927 612000000 999 58187
1791571540.686980 612000000 969 58406
1791571541.695293 612000000 999 58218
1791571542.703640 612000000 999 58500
1791571543.711954 612000000 971 58218
1791571544.720320 612000000 999 58531
1791571545.728624 612000000 999 58625
1791571546.736860 612000000 999 58406
1791571547.745183 612000000 999 58625
1791571548.753169 612000000 999 58437
1791571549.761171 612000000 999 58406
1791571550.769335 612000000 999 58687
1791571551.777683 612000000 999 58500
1791571552.786064 612000000 999 58812
1791571553.794175 612000000 999 58531
1791571554.802504 612000000 999 58843
1791571555.810864 612000000 999 58906
1791571556.819094 612000000 999 58625
1791571557.827142 612000000 999 58906
1791571558.835523 612000000 999 58687
1791571559.843652 612000000 988 58968
1791571560.851758 612000000 999 58656
1791571561.861217 612000000 999 58968
1791571562.869503 612000000 999 59093
1791571563.878075 612000000 999 58843
1791571564.886292 612000000 998 59125
1791571565.894956 612000000 999 58781
1791571566.903920 612000000 999 59281
1791571567.911079 612000000 999 58906
1791571568.919825 612000000 999 58875
1791571569.927295 612000000 999 58875
1791571570.937217 612000000 999 58968
1791571571.944527 612000000 999 59343
1791571572.953042 612000000 969 59031
1791571573.961475 612000000 998 59437
1791571574.969882 612000000 999 58968
1791571575.978149 612000000 999 59375
1791571576.988755 612000000 999 59093
1791571577.997242 612000000 998 59468
1791571579.005963 612000000 999 59156
1791571580.014532 612000000 999 59468
1791571581.023616 612000000 999 59218
1791571582.032001 612000000 999 59281
1791571583.040412 612000000 999 59187
1791571584.049270 612000000 999 59312
1791571585.057973 612000000 999 59218
1791571586.066589 612000000 999 59312
1791571587.075341 612000000 999 59156
1791571588.083656 612000000 999 59406
1791571589.092588 612000000 975 59250
1791571590.100727 612000000 999 59437
1791571591.109611 612000000 999 59187
1791571592.118097 612000000 999 59312
1791571593.126797 612000000 999 59406
1791571594.135055 612000000 999 59312
1791571595.143584 612000000 999 59406
1791571596.152029 612000000 999 59375
1791571597.160268 612000000 999 59468
1791571598.168883 612000000 998 59468
1791571599.177360 612000000 999 59531
1791571600.185919 612000000 999 59593
1791571601.194504 612000000 999 59468
1791571602.203060 612000000 977 59593
1791571603.211903 612000000 999 59437
1791571604.220241 612000000 999 59687
1791571605.228609 612000000 998 59593
1791571606.237618 612000000 999 59687
1791571607.245967 612000000 999 59562
1791571608.255154 612000000 998 59750
1791571609.264050 612000000 999 59656
1791571610.273255 612000000 999 59812
1791571611.281787 612000000 999 59625
1791571612.290234 612000000 999 59812
1791571613.299577 612000000 999 59718
1791571614.307811 612000000 999 59687
1791571615.316373 612000000 999 59875
1791571616.325395 612000000 999 59781
1791571617.333703 612000000 999 59875
1791571618.342868 612000000 999 59812
1791571619.351144 612000000 999 60000
1791571620.359445 612000000 999 59875
1791571621.368297 612000000 998 60031
1791571622.377246 612000000 999 59875
1791571623.385892 612000000 999 60000
1791571624.396282 612000000 999 59906
1791571625.404631 612000000 999 60093
1791571626.412903 612000000 999 60000
1791571627.421518 612000000 999 60156
1791571628.429933 612000000 999 59968
1791571629.438577 612000000 998 60062
1791571630.447680 612000000 999 60031
1791571631.456071 612000000 966 59906
1791571632.465182 612000000 999 60093
1791571633.473439 612000000 999 59968
1791571634.481821 612000000 983 60062
1791571635.490475 612000000 999 59968
1791571636.498699 612000000 999 60093
1791571637.507038 612000000 999 60093
1791571638.515638 612000000 998 60187
1791571639.526241 612000000 999 60031
1791571640.536226 612000000 999 60031
1791571641.547894 612000000 999 60187
1791571642.557856 306000000 0 58625
1791571643.566139 306000000 0 58593
1791571644.575749 306000000 0 58250
1791571645.584600 306000000 0 58281
1791571646.592336 306000000 0 57968
1791571647.600378 306000000 0 58000
1791571648.608248 306000000 0 58000
1791571649.616437 306000000 0 57750
1791571650.625538 306000000 0 57906
1791571651.633848 306000000 0 57656
1791571652.641910 306000000 0 57812
1791571653.650190 306000000 0 57625
1791571654.658580 306000000 0 57437
1791571655.666919 306000000 0 57593
1791571656.675595 306000000 0 57375
1791571657.683942 306000000 0 57406
1791571658.692305 306000000 0 57218
1791571659.700673 306000000 0 57312
1791571660.709690 306000000 0 57125
1791571661.718097 306000000 0 57281
1791571662.727090 306000000 0 57000
1791571663.735835 306000000 0 56968
1791571664.744526 306000000 0 57031
1791571665.752959 306000000 0 56812
1791571666.761193 306000000 0 56875
1791571667.769331 306000000 0 56750
1791571668.778204 306000000 0 56875
1791571669.786991 306000000 0 56625
1791571670.795775 306000000 0 56687
1791571671.804000 306000000 0 56750
1791571672.812290 306000000 0 56500
1791571673.820526 306000000 0 56593
1791571674.828771 306000000 0 56406
1791571675.837101 306000000 0 56625
1791571676.845183 306000000 0 56343
1791571677.853561 306000000 0 56281
1791571678.862149 306000000 0 56406
1791571679.870505 306000000 0 56187
1791571680.879440 306000000 0 56312
1791571681.888610 306000000 0 56125
1791571682.896690 306000000 0 56218
1791571683.905081 306000000 0 56062
1791571684.913600 306000000 0 56125
1791571685.922195 306000000 0 55906
1791571686.931262 306000000 0 56125
1791571687.939385 306000000 0 56062
1791571688.947960 306000000 0 55843
1791571689.956508 306000000 0 55937
1791571690.964722 306000000 0 55750
1791571691.974043 306000000 0 55968
1791571692.982564 306000000 0 55687
1791571693.990780 306000000 0 55843
1791571694.999312 306000000 0 55687
1791571696.009458 306000000 0 55812
1791571697.017627 306000000 0 55593
1791571698.026219 306000000 0 55718
1791571699.034565 306000000 0 55562
1791571700.043880 306000000 0 55656
1791571701.052505 306000000 0 55656
1791571702.060792 306000000 0 55593
1791571703.071835 612000000 972 55968
1791571704.081074 612000000 965 56406
1791571705.090383 612000000 963 56250
1791571706.098767 612000000 963 56562
1791571707.107024 612000000 960 56312
1791571708.116019 612000000 964 56562
1791571709.124864 612000000 977 56406
1791571710.133460 612000000 967 56593
1791571711.142105 612000000 959 56562
1791571712.150445 612000000 976 56468
1791571713.158598 612000000 972 56625
1791571714.168019 612000000 964 56437
1791571715.176229 612000000 963 56562
1791571716.186379 612000000 961 56718
1791571717.195974 612000000 943 56656
1791571718.204203 612000000 940 56531
1791571719.213425 612000000 940 56687
1791571720.221389 612000000 925 56531
1791571721.229537 612000000 972 56750
1791571722.237778 612000000 950 56625
1791571723.246264 612000000 962 56718
1791571724.254623 612000000 960 56718
1791571725.262915 612000000 971 56562
1791571726.271305 612000000 961 56718
1791571727.279956 612000000 938 56562
1791571728.287979 612000000 964 56812
1791571729.296516 612000000 911 56656
1791571730.305051 612000000 965 56906
1791571731.313921 612000000 925 56875
1791571732.321950 612000000 939 56625
1791571733.330827 612000000 962 56906
1791571734.339044 612000000 963 56687
1791571735.348239 612000000 970 57000
1791571736.356084 612000000 962 56781
1791571737.365394 612000000 960 56968
1791571738.373506 612000000 962 56781
1791571739.383078 612000000 961 57062
1791571740.390708 612000000 927 57031
1791571741.398974 612000000 958 56656
1791571742.407340 612000000 962 57000
1791571743.416083 612000000 962 56781
1791571744.425754 612000000 959 57031
1791571745.434231 612000000 973 56843
1791571746.443109 612000000 961 57062
1791571747.451571 612000000 963 56906
1791571748.460525 612000000 961 57218
1791571749.468994 612000000 959 56843
1791571750.477693 612000000 964 57156
1791571751.486379 612000000 955 56843
1791571752.495092 612000000 964 57156
1791571753.503940 612000000 958 56968
1791571754.512676 612000000 962 56937
1791571755.521163 612000000 959 57218
1791571756.529921 612000000 971 56906
1791571757.538168 612000000 961 57218
1791571758.546447 612000000 961 56968
1791571759.555924 612000000 961 57218
1791571760.565769 612000000 968 57187
1791571761.575596 612000000 936 57000
1791571762.584401 612000000 958 57031
1791571763.592338 612000000 966 56937
1791571764.603156 612000000 950 57125
1791571765.611654 612000000 955 56968
1791571766.620997 612000000 954 57343
1791571767.628950 612000000 951 57312
1791571768.637532 612000000 956 57031
1791571769.646026 612000000 959 57312
1791571770.654016 612000000 958 57031
1791571771.662855 612000000 958 57312
1791571772.671817 612000000 962 57062
1791571773.679594 612000000 970 56968
1791571774.687917 612000000 962 57375
1791571775.696139 612000000 972 57093
1791571776.704807 612000000 963 57343
1791571777.713104 612000000 962 57156
1791571778.721234 612000000 962 57343
1791571779.729693 612000000 946 57406
1791571780.737830 612000000 943 57093
1791571781.746312 612000000 975 57343
1791571782.754745 612000000 962 57125
1791571783.763952 612000000 969 57406
1791571784.772192 612000000 964 57031
1791571785.780567 612000000 963 57406
1791571786.789321 612000000 962 57093
1791571787.797932 612000000 960 57343
1791571788.806623 612000000 975 57125
1791571789.814912 612000000 942 57343
1791571790.823934 612000000 928 57468
1791571791.832570 612000000 947 57156
1791571792.840839 612000000 961 57468
1791571793.849597 612000000 960 57093
1791571794.858011 612000000 963 57437
1791571795.866453 612000000 946 57156
1791571796.875224 612000000 929 57406
1791571797.883575 612000000 965 57093
1791571798.893204 612000000 975 57531
1791571799.902566 612000000 961 57250
1791571800.910973 612000000 963 57500
1791571801.919431 612000000 974 57156
1791571802.928140 612000000 974 57250
1791571803.936512 612000000 960 57468
1791571804.945101 612000000 965 57250
1791571805.953598 612000000 963 57500
1791571806.962245 612000000 963 57312
1791571807.971617 612000000 966 57468
1791571808.980217 612000000 974 57250
1791571809.989182 612000000 963 57625
1791571810.997912 612000000 957 57312
1791571812.006889 612000000 962 57593
1791571813.015973 612000000 962 57218
1791571814.025089 612000000 962 57625
1791571815.034026 612000000 961 57375
1791571816.042368 612000000 963 57593
1791571817.051085 612000000 961 57281
1791571818.059858 612000000 962 57625
1791571819.068351 612000000 975 57375
1791571820.077345 612000000 957 57593
1791571821.086741 612000000 961 57281
1791571822.096211 612000000 972 57625
1791571823.104926 306000000 0 56812
1791571824.113397 306000000 0 56875
1791571825.122239 306000000 0 56468
1791571826.131591 306000000 0 56593
1791571827.140026 306000000 0 56250
1791571828.149147 306000000 0 56531
1791571829.157747 306000000 0 56562
1791571830.166383 306000000 0 56218
1791571831.174643 306000000 0 56468
1791571832.182969 306000000 0 56125
1791571833.191412 306000000 0 56468
1791571834.199841 306000000 0 55968
1791571835.208919 306000000 0 56281
1791571836.217405 306000000 0 55937
1791571837.226206 306000000 0 56218
1791571838.234517 306000000 0 55687
1791571839.242965 306000000 0 55781
1791571840.251861 306000000 0 55656
1791571841.260215 306000000 0 55750
1791571842.268745 306000000 0 55562
1791571843.277340 306000000 0 55687
1791571844.285732 306000000 0 55562
1791571845.293966 306000000 0 55593
1791571846.302507 306000000 0 55437
1791571847.311670 306000000 0 55500
1791571848.320268 306000000 0 55562
1791571849.328748 306000000 0 55312
1791571850.337044 306000000 0 55500
1791571851.345840 306000000 0 55281
1791571852.354824 306000000 0 55406
1791571853.363473 306000000 0 55343
1791571854.371794 306000000 0 55406
1791571855.380572 306000000 0 55187
1791571856.388692 306000000 0 55218
1791571857.397078 306000000 0 55218
1791571858.405240 306000000 0 55093
1791571859.413673 306000000 0 55187
1791571860.422232 306000000 0 54968
1791571861.430588 306000000 0 55250
1791571862.439472 306000000 0 54968
1791571863.448140 306000000 0 55156
1791571864.456554 306000000 0 54906
1791571865.465877 306000000 0 55093
1791571866.474174 306000000 0 55000
1791571867.482656 306000000 0 54968
1791571868.491477 306000000 0 55031
1791571869.500007 306000000 0 54750
1791571870.508428 306000000 0 54968
1791571871.516769 306000000 0 54781
1791571872.525570 306000000 0 54937
1791571873.534021 306000000 0 54750
1791571874.542565 306000000 0 54781
1791571875.550979 306000000 0 54781
1791571876.559734 306000000 0 54750
1791571877.568149 306000000 0 54781
1791571878.576672 306000000 0 54656
1791571879.585227 306000000 0 54750
1791571880.593478 306000000 0 54593
1791571881.602279 306000000 0 54687
1791571882.612394 306000000 0 54531
1791571883.620993 306000000 0 54750
1791571884.630875 510000000 0 54968
1791571885.641589 306000000 0 54625
1791571886.652126 612000000 966 55468
1791571887.661407 612000000 969 55687
1791571888.671282 612000000 971 55875
1791571889.680242 612000000 968 55906
1791571890.689128 612000000 970 56343
1791571891.697535 612000000 969 56125
1791571892.705693 612000000 971 56375
1791571893.714151 612000000 975 56343
1791571894.724178 612000000 977 56562
1791571895.732541 612000000 975 56437
1791571896.740624 612000000 973 56625
1791571897.749175 612000000 975 56593
1791571898.757520 612000000 975 56875
1791571899.767634 612000000 976 56875
1791571900.775651 612000000 940 57062
1791571901.784802 612000000 974 57125
1791571902.793146 612000000 988 57093
1791571903.801825 612000000 976 57406
1791571904.812133 612000000 988 57437
1791571905.821527 612000000 976 57343
1791571906.831515 612000000 977 57625
1791571907.840574 612000000 979 57468
1791571908.848838 612000000 971 57687
1791571909.857402 612000000 945 57687
1791571910.866727 612000000 975 57875
1791571911.876290 612000000 942 57812
1791571912.884280 612000000 978 57937
1791571913.892440 612000000 940 58187
1791571914.900627 612000000 938 58031
1791571915.909508 612000000 940 58156
1791571916.918103 612000000 970 58093
1791571917.926591 612000000 939 58437
1791571918.934818 612000000 942 58250
1791571919.943130 612000000 970 58500
1791571920.952113 612000000 941 58437
1791571921.960362 612000000 944 58531
1791571922.968688 612000000 968 58687
1791571923.976950 612000000 975 58593
1791571924.985622 612000000 960 58875
1791571925.994531 612000000 975 58750
1791571927.003043 612000000 987 58968
1791571928.011731 612000000 976 58875
1791571929.020081 612000000 977 59000
1791571930.028492 612000000 976 58968
1791571931.036926 612000000 978 59218
1791571932.045957 612000000 977 59000
1791571933.057112 612000000 975 59281
1791571934.065486 612000000 977 59187
1791571935.074271 612000000 976 59375
1791571936.083195 612000000 976 59250
1791571937.093093 612000000 975 59468
1791571938.102037 612000000 975 59375
1791571939.111502 612000000 976 59593
1791571940.120246 612000000 975 59531
1791571941.129214 612000000 988 59656
1791571942.137746 612000000 972 59562
1791571943.146276 612000000 969 59750
1791571944.155916 612000000 977 59593
1791571945.164610 612000000 975 59875
1791571946.173039 612000000 978 59687
1791571947.181598 612000000 971 59906
1791571948.190334 612000000 988 59812
1791571949.199067 612000000 943 60031
1791571950.207878 612000000 974 60156
1791571951.216366 612000000 940 59968
1791571952.224905 612000000 986 60156
1791571953.233405 612000000 938 59968
1791571954.242129 612000000 977 60312
1791571955.251319 612000000 976 60218
1791571956.259792 612000000 977 60406
1791571957.269155 612000000 972 60250
1791571958.277733 612000000 974 60437
1791571959.286352 612000000 988 60343
1791571960.295053 612000000 955 60437
1791571961.303603 612000000 976 60406
1791571962.312280 612000000 973 60500
1791571963.320864 612000000 964 60593
1791571964.329242 612000000 978 60468
1791571965.338070 612000000 975 60687
1791571966.346824 612000000 975 60593
1791571967.355273 612000000 958 60718
1791571968.363944 612000000 940 60656
1791571969.372313 612000000 959 60843
1791571970.381258 612000000 976 60687
1791571971.389845 612000000 975 60843
1791571972.398327 612000000 976 60750
1791571973.407161 612000000 970 60937
1791571974.415628 612000000 974 60781
1791571975.424398 612000000 977 60875
1791571976.433029 612000000 977 61125
1791571977.441632 612000000 974 60937
1791571978.450334 612000000 977 61187
1791571979.459322 612000000 973 61218
1791571980.469330 612000000 977 61250
1791571981.477951 612000000 942 61125
1791571982.486541 612000000 975 61312
1791571983.495180 612000000 973 61156
1791571984.503825 612000000 959 61406
1791571985.512268 612000000 987 61218
1791571986.521091 612000000 957 61500
1791571987.529809 612000000 975 61312
1791571988.538457 612000000 979 61500
1791571989.547689 612000000 975 61406
1791571990.556818 612000000 976 61625
1791571991.565544 612000000 976 61406
1791571992.573955 612000000 976 61687
1791571993.582605 612000000 976 61406
1791571994.591051 612000000 951 61656
1791571995.600922 612000000 987 61593
1791571996.609631 612000000 976 61750
1791571997.618442 612000000 974 61656
1791571998.627060 612000000 976 61656
1791571999.635601 612000000 987 61906
1791572000.644571 612000000 975 61843
1791572001.656163 612000000 964 61625
1791572002.665652 612000000 968 61968
1791572003.674948 612000000 980 62031
1791572004.685243 612000000 940 61812
1791572005.694500 612000000 973 62000
1791572006.703831 306000000 0 61281
1791572007.714422 306000000 0 61062
1791572008.721264 306000000 0 60968
1791572009.728628 306000000 0 60687
1791572010.735670 306000000 0 60656
1791572011.743004 306000000 0 60812
1791572012.750345 306000000 0 60468
1791572013.757999 306000000 0 60437
1791572014.765588 306000000 0 60625
1791572015.772870 306000000 0 60343
1791572016.781067 306000000 0 60281
