1791569182.956502 306000000 0 58468
1791569183.466980 306000000 0 58750
1791569183.974461 612000000 987 59187
1791569184.483167 612000000 999 59468
1791569184.991919 612000000 999 59687
1791569185.500990 306000000 0 59062
1791569186.008378 612000000 0 59062
1791569186.517326 306000000 0 58906
1791569187.025951 612000000 999 59562
1791569187.534529 612000000 999 59750
1791569188.043047 306000000 0 59250
1791569188.550648 306000000 39 58968
1791569189.059054 612000000 991 59906
1791569189.568317 612000000 0 59312
1791569190.078960 612000000 993 59437
1791569190.588001 306000000 0 58781
1791569191.097246 306000000 0 58875
1791569191.605649 306000000 0 58593
1791569192.114012 612000000 999 59843
1791569192.622467 612000000 999 60343
1791569193.131309 612000000 999 60406
1791569193.640161 306000000 0 59062
1791569194.147623 612000000 625 59687
1791569194.656546 306000000 0 58843
1791569195.164033 612000000 999 59937
1791569195.672906 612000000 999 59937
1791569196.181733 306000000 0 58968
1791569196.689573 408000000 0 59093
1791569197.198263 612000000 991 60031
1791569197.707735 612000000 0 59375
1791569198.216405 612000000 993 59406
1791569198.725391 306000000 0 59031
1791569199.233996 306000000 0 59093
1791569199.742955 306000000 3 58656
1791569200.251362 612000000 999 59250
1791569200.760504 612000000 999 59937
1791569201.268689 612000000 999 60062
1791569201.776997 306000000 0 59406
1791569202.283830 612000000 986 59468
1791569202.792417 306000000 0 58937
1791569203.299468 612000000 999 59687
1791569203.808084 612000000 984 60093
1791569204.316643 306000000 0 58875
1791569204.825623 612000000 452 59343
1791569205.334242 612000000 999 59250
1791569205.843698 612000000 999 60093
1791569206.352532 306000000 0 58843
1791569206.859625 306000000 0 58968
1791569207.368988 306000000 0 58718
1791569207.877852 306000000 0 58687
1791569208.384742 306000000 0 58843
1791569208.891834 612000000 985 59750
1791569209.400034 612000000 999 59968
1791569209.908498 306000000 0 58906
1791569210.417522 612000000 999 59500
1791569210.927134 306000000 0 58750
1791569211.435225 612000000 999 59437
1791569211.943957 612000000 999 59718
1791569212.453286 306000000 1 59156
1791569212.961001 612000000 990 59781
1791569213.469465 306000000 0 58625
1791569213.976927 612000000 999 59750
1791569214.485406 306000000 0 58937
1791569214.993395 306000000 54 59093
1791569215.501830 306000000 0 58437
1791569216.010549 306000000 84 58531
1791569216.519842 306000000 0 58562
1791569217.027883 612000000 999 59468
1791569217.536076 612000000 999 60031
1791569218.044375 306000000 0 58843
1791569218.552300 306000000 0 58937
1791569219.059764 306000000 489 58937
1791569219.570465 306000000 767 59000
1791569220.078549 612000000 999 59406
1791569220.587363 612000000 28 58937
1791569221.096373 612000000 999 59281
1791569221.605226 306000000 0 58687
1791569222.114216 612000000 999 59906
1791569222.622361 306000000 0 58718
1791569223.131325 612000000 0 58812
1791569223.639317 306000000 0 58593
