1791572300.609190 306000000 0 56062
1791572301.619937 306000000 0 55718
1791572302.628582 612000000 987 56906
1791572303.637400 612000000 980 56875
1791572304.645990 612000000 999 57093
1791572305.654793 612000000 999 56875
1791572306.663478 612000000 972 57156
1791572307.672483 612000000 999 56968
1791572308.680946 306000000 109 56625
1791572309.688619 612000000 980 57656
1791572310.697608 306000000 0 56375
1791572311.706775 612000000 926 57156
1791572312.715639 612000000 0 56968
1791572313.726211 612000000 614 57093
1791572314.735344 612000000 999 57468
1791572315.744398 612000000 999 57250
1791572316.752866 612000000 991 57281
1791572317.762314 612000000 974 57625
1791572318.773663 306000000 0 56531
1791572319.782940 612000000 891 57437
1791572320.793069 306000000 0 56750
1791572321.801908 612000000 970 57281
1791572322.811798 612000000 960 57437
1791572323.822059 612000000 977 57968
1791572324.830728 612000000 0 57343
1791572325.839766 612000000 968 58125
1791572326.847862 306000000 0 56937
1791572327.856473 612000000 970 57625
1791572328.865555 612000000 0 57281
1791572329.874661 612000000 998 57750
1791572330.882856 612000000 980 57718
1791572331.890971 612000000 1000 57843
1791572332.899902 306000000 0 56812
1791572333.908109 306000000 0 56687
1791572334.915991 306000000 0 56843
1791572335.923889 306000000 0 56625
1791572336.931575 306000000 0 56593
