1791568837.700462 306000000 0 53562
1791568838.209999 612000000 859 53531
1791568838.719690 612000000 0 53781
1791568839.228720 612000000 222 53812
1791568839.737674 612000000 958 54062
1791568840.247733 612000000 980 53750
1791568840.756448 306000000 0 53625
1791568841.265105 612000000 986 54156
1791568841.774016 612000000 0 53750
1791568842.282777 612000000 0 53812
1791568842.792299 612000000 670 54093
1791568843.302111 612000000 999 54312
1791568843.811220 306000000 0 53750
1791568844.320136 612000000 954 54125
1791568844.829325 612000000 999 54281
1791568845.338568 612000000 456 53937
1791568845.848634 612000000 998 54093
1791568846.357645 306000000 0 53750
1791568846.866531 306000000 0 53750
