1791572224.033037 306000000 0 53781
1791572225.041683 306000000 0 53750
1791572226.049267 612000000 998 54187
1791572227.058331 612000000 999 54781
1791572228.067202 612000000 999 54812
1791572229.076123 612000000 999 54968
1791572230.084373 612000000 999 54875
1791572231.093451 612000000 999 55093
1791572232.101844 612000000 972 54968
1791572233.110077 612000000 971 55093
1791572234.118557 612000000 959 54968
1791572235.127527 612000000 973 55187
1791572236.135998 612000000 968 55062
1791572237.145679 612000000 991 55062
1791572238.154162 612000000 977 54843
1791572239.162553 612000000 999 55062
1791572240.170964 612000000 999 55406
1791572241.179795 612000000 999 55375
1791572242.188978 306000000 61 54718
1791572243.197015 612000000 983 55343
1791572244.206596 612000000 990 55281
1791572245.215785 612000000 977 55187
1791572246.224119 612000000 991 55312
1791572247.233222 612000000 971 55125
1791572248.242965 612000000 948 55156
1791572249.252988 612000000 946 55593
1791572250.261526 612000000 966 55468
1791572251.270815 612000000 0 55343
1791572252.279270 612000000 983 55250
1791572253.288406 612000000 972 55531
1791572254.300381 612000000 987 55531
1791572255.309734 612000000 999 55906
1791572256.318233 612000000 999 55656
1791572257.326896 306000000 0 54968
1791572258.334210 306000000 0 54750
1791572259.342020 306000000 0 54687
1791572260.350520 306000000 0 54875
1791572261.358302 306000000 0 54687
